-5.55112e-17
-6.93889e-17
           0
 2.22045e-16
-1.11022e-16
 1.11022e-16
           0
-5.55112e-17
 1.94289e-16
-1.11022e-16
           0
-1.11022e-16
-1.11022e-16
 8.32667e-17
 2.77556e-17
 1.66533e-16
 1.11022e-16
          -1
          -1
          -1
 1.11022e-16
 5.55112e-17
-5.55112e-17
           0
 1.11022e-16
          -1
          -1
          -1
 6.98264e-17
 5.55112e-17
-1.80411e-16
           0
-1.11022e-16
-1.11022e-16
-1.11022e-16
-5.55112e-17
 2.22045e-16
 1.11022e-16
 1.11022e-16
 1.38778e-16
           0
 1.11022e-16
 2.22045e-16
           0
 2.22045e-16
 2.77556e-17
           0
          -1
          -1
          -1
          -1
          -1
          -1
 1.11022e-16
 8.32667e-17
 1.66533e-16
-1.11022e-16
          -1
          -1
          -1
          -1
          -1
          -1
 6.93889e-17
           0
           0
 1.38778e-17
 5.55112e-17
 3.46945e-18
-2.77556e-17
 1.11022e-16
-1.11022e-16
          -1
          -1
          -1
-1.11022e-16
           0
-5.55112e-17
           0
 1.38778e-16
 1.11022e-16
-1.11022e-16
 1.11022e-16
-1.04083e-17
 1.11022e-16
-1.66533e-16
-2.22045e-16
 2.77556e-17
-1.38778e-17
-1.11022e-16
-5.55112e-17
 8.32667e-17
           0
 1.38778e-16
 1.38778e-16
 8.32667e-17
          -1
          -1
-4.16334e-17
-2.77556e-17
           0
-2.77556e-17
 5.55112e-17
 8.32667e-17
          -1
           0
           0
-1.11022e-16
          -1
          -1
-4.16334e-17
-2.15106e-16
 5.55112e-17
 5.55112e-17
 5.89806e-17
 5.55112e-17
 5.55112e-17
 6.93889e-17
 2.77556e-17
-1.66533e-16
           0
           0
 5.55112e-17
 1.11022e-16
           0
           0
 1.11022e-16
-1.11022e-16
-1.11022e-16
 1.11022e-16
          -1
          -1
          -1
           0
-3.81639e-17
-9.71445e-17
           0
 2.42861e-17
          -1
          -1
          -1
          -1
           0
-2.22045e-16
 2.22045e-16
-5.55112e-17
 1.11022e-16
 5.55112e-17
 2.22045e-16
-5.55112e-17
 1.11022e-16
-8.32667e-17
-1.11022e-16
           0
  -1.249e-16
           0
           0
 1.11022e-16
 6.93889e-17
 4.16334e-17
           0
-5.55112e-17
 6.50521e-18
 2.77556e-17
 2.77556e-17
 2.08167e-17
 2.77556e-17
 1.38778e-17
 9.19403e-17
 5.55112e-17
 1.38778e-16
 2.77556e-17
-1.11022e-16
-8.32667e-17
           0
 1.11022e-16
-3.33067e-16
 1.11022e-16
-1.52656e-16
          -1
-5.55112e-17
 5.55112e-17
 1.11022e-16
-2.22045e-16
-1.38778e-16
 1.11022e-16
           0
-1.11022e-16
           0
 1.80411e-16
 1.11022e-16
 5.55112e-17
 8.32667e-17
 5.55112e-17
-1.66533e-16
-1.38778e-17
 1.73472e-17
           0
 6.93889e-18
           0
 5.55112e-17
 2.77556e-17
           0
           0
-8.67362e-18
 5.55112e-17
 5.55112e-17
           0
-2.77556e-17
-1.11022e-16
 1.11022e-16
 8.32667e-17
           0
-8.32667e-17
 1.38778e-16
-1.38778e-17
-1.38778e-17
           0
 2.77556e-17
-2.77556e-17
 3.46945e-18
           0