0
0.0677389238535397036899965428347
0.201686998433219633053425923208
0.0210967881517833792670568726635
0
0
0
0.583183300646274216383346811199
0.846154868107997559789623664983
0.463611091439343980802334499458
0.0676213312700016250245127480412
0
0
0
0.334578491623844120894659681653
0.0882198950366894496522007784733
0.17037845225384579128657946967
6.36693422796386077067154474207
14.0737993991325573972517304355
13.9829095064792632285843865247
0.196717577903855439513947089836
0.444570040974668179156736869118
0
1.41960800747352511308463363093
2.37090265776560560340158190229
3.17544493049694986908093596867
4.01703922018490366951937176054
11.6482420159640440715520526282
0
2.57759935596679978786482934083
1.82612775893716361430563210888
0
0
1.73659964962811774746853643592
0
1.00022848402152031432876810868
0
4.03874628910081412414001533762
2.28543543426788531292004336137
0
0
0.639171834839849850595783209428
0
0
0.357702326998883768371939595454
2.4659800083850629270898480172
0
1.36259776285906775150635894533
5.91969999534550872510862973286
9.71492357411988827209370356286
12.442641944694649680513975909
9.68204509989219275212235515937
3.68043959852449287240006015054
0
0
2.17796549060529098795768732089
1.81144211151570933004961716506
2.06343410972502239175696558959
11.6260240507625418615589296678
11.6264800523057374448399059474
4.2032916189676408080799774325
5.03326445571047553784183037351
11.2259655230179191676143091172
0.340252136453278397620891837505
0.0376366539612383449453503203586
0
0
0
0.00598873630947329912976861976404
0.00398842959585387745596873898535
0
0.00736063464715991898346114652441
3.26677304489576503243597471737
6.17187279019444812178107895306
3.05289593765129563252003208618
0
0.00161825563200758176969629165143
0
0
0
0
0
0.00109604310864943807479754411816
0.00199488242194103236604174611557
0
0
0
0
0.289824061436766367005901656739
0
0.194843400462693522312562777188
0.0149452712688983458538816151417
0.0215548708578578336603204235189
0.696613129333366276618733081705
0.145313482143216793351925275601
0
7.12843993758295813023551090737
4.94598908111144996979646748514
0
0.0662805540852390850936615152023
0
0.0861132750077199110583237029459
0
0.257541996499490666305831609861
11.6797038456608905931943809264
0.348692581194832262880822781881
0.964597209058040916396237207664
1.38929915474794141161396510142
6.35404976692987233377607481088
8.00800710521259162533169728704
0
0
0.00626889836299084155651906158369
0.00637971386068550330022963734677
0
0
0
0.0477795537065698744383368534727
0.799306515136463113790910028911
0.220628782071936535569278703406
1.04936325850685796545747052733
0
0.0319716005416704196484545263957
0.0286220276306255495823993584281
1.11316053947634485687956384936
3.82894421535511542131757778407
0
1.40848713674114156546579579299
0
0
2.39961745802391712700796233548
12.9181101402993530058438409469
15.197278852299646700885205064
0.0514536572405623338077873540897
0.790677138896385800492794260208
1.66443258067889954254781059717
0.530372785928240775277231477958
1.35679196388180933752209966769
9.9634591482956285091177051072
7.6467801758090727659578078601
6.63157805360229080093859010958
14.6658636105000486082872157567
0.945114961711958967427449351817
0.0316940032983762526308524343222
0.292011345456122006769561494366
0.0420657767733074589022734812715
0.0797973151907281352812617569725
0.127484704478395438620452750911
0
0.0963514867761414151026144736534
0
0
0
0
0
0
0
0
0
0.00771313497286572283956340712052
0.0146554550416410373642195352772
0.0231389830227650174221398771124
0
0
4.21154067797169720109747015346e-05
0
0
0.000841723301390098267195372105931
0
6.14626392502769821994668131282e-05
0.104364410648772082401691818632
0
0
0
0
0.148108020052173494640612716466
0
0
0.113544560709473649207090772961
17.2276145585161337692170491209
0.17339456331037189640298379345
0.0456981426483648589531583183998
0.110820943721356202082972686185
0
0.161315801519779283834665761788
0
0.133780102858456456660363187439
0.092642447718355364072451152424
0
0.175946003286643920526799433901
0
0.00213722924053874954730680713055
0
0
0.00144610961775425432736252862043
8.88355250315282181968867120103e-06
0
2.52043872800401104570123395066e-05
3.24251382684429619203403394323e-05
0
6.98637078425375628997363169903e-06
0
4.28326782818652163943584643135e-05
0
0
2.92750487685321712728794135705e-05
0.000108860403441936228613462489534
0.000263387410446903750312758196728
3.45167993023964256348382062534e-05
0.0100456409040667882237585217808
0.014441304865070999502441040363
0.0207938063514048025737235292354
0
0
0
9.35841749838041498592115796651e-06
0
0
0
0
3.7733452786053082821365184385e-05
0.328010392956104679385020972404