%%MatrixMarket matrix array real general 
2436 1
0.0222520988879225251055871126482
0.0273925594187018062175553723137
0.0229073213942740765147743076113
0.0276864065786689844683721162255
0.00505005307601373576442682633569
0.0223071033613421627894712884199
0.010781936664017300123163956016
0.0345489037188508457676405782877
0.0136492137657416977986057915473
0.0471665409150227518675357885058
0.0204761648306281129894301784589
0.0583330785394998926896015234433
0.0647923669433270316142525757641
0.146608627147339659613223261658
0.0667102153575363093773731293368
0.150651066603770589225064213679
0.0699658764104514330206541217194
0.157536688552582238020960403446
0.147682195712491942662936139641
0.222594450583436381796431646762
0.054147793032061429518986273024
0.103917577375149977614299245943
0.0542543911241130660805254137813
0.120382368571408951418710842063
0.0600732811560784688009739795689
0.161269210249648214938744672509
0.0692881758394832125702578196069
0.103702940307957611199007885716
0.0515828251804152787540758140494
0.0649869720659343730329027266635
0.0469847490145147012041704215335
0.0418398747999072159742262044801
0.0207210495053242703400453450513
0.0133587054396262869954137286754
0.0242520674990420390115808402243
0.0170670330354346297396794795986
0.0431751538599443249188958304785
0.00711187290814956421525216967439
0.0627841884551617046561489132728
0.00334773515861413800340229407482
0.0669095130512732949590315456589
-0.0237662444825511402768380975203
0.0679408250504239391576177808929
-0.0298771055607203704640451036312
0.0427333349008667540136485740732
-0.00199333563035071579389034823748
0.0209085689339297102484760415564
0.0347229233757910329960516548908
0.0610107212453813996244633699462
0.0313931278415280762272843162464
0.0728947367359586012591776693625
0.02921537270636581987148794326
0.12141702542563513611550973792
-0.0461000478375807251629758809486
0.114743122085039561675046115852
-0.0188770100409630589566312153238
0.165994254416467507118326807358
0.131894593400492698975767780212
0.197248217008466425470558647248
0.155640516728446753891290654792
0.162951810578753769620519165073
0.0402292294662541863314864087897
0.208732831835831383893165025256
0.0330400491221059522395364638214
0.18767200381313978163611011496
0.0288400959834629322386945204926
0.137901785383220676362014955885
-0.0163402837867155752149539438278
0.0464032544571964175594835921856
-1
0.0584522451997417785696242731319
-0.739120875996900794646649046626
0.0797423792817408827460212705773
-0.999999999999999888977697537484
0.0764705351716377795812107365236
-1
0.100027716322519888425546241706
-0.422164041007974277786019001724
0.0318458265289574132816952101166
-0.0789080522884151730478308195416
0.0108695338286569857105812175746
-0.0530329799671436230568133396446
0.00517722801472659220622940523526
-0.141866039148141387382651146254
0.00537783886858857109597442658355
-0.249613789990770496007854717391
0.0240221373058440816616876389844
-0.257789284145440611428767851976
0.0171749541796072657806604411235
-0.315155664379022870669189160253
0.0938069715375284135516764649765
-0.271624982046083207620768007473
0.147845861226217151207507072286
-0.231898578268589311557335008729
0.193056312162169174673209681714
-0.176234294865418833486714333958
0.196430296110764152084371403362
-0.174008305952022518381383520136
0.167466793291998122805708248961
-0.177632096714702786277584323216
0.161320476838110321571306826627
-0.204906639533374623773909206648
0.26775458132986862391788918103
-0.167997797073547311397234693686
0.302879571478613385249190059767
-0.171354071690684367501589235872
0.198057512737521090873116236253
-0.287982987766353115688389152638
0.206509296902499139836351105259
-0.321394975412275518689142472795
-0.0334508565139830654766583961646
-0.580549948201586341056668061356
-0.15295680505793493586530473749
-0.542530023541204053927344830299
-0.1073241913910781553109785591
-0.707401297393704386884394352819
-0.125981875073740895443208387405
-0.837569719438259530086554605077
-0.212027001985156393626397175467
-0.656690613935970057823965362331
-0.183555182623208357206578966725
-0.852678043313388256407847620721
-0.162928500357981703716703236751
-1
-0.104698399143894615992422814088
-1
-0.0637822981630403740282986291277
-0.663789906840220989003853446775
0.193623812556231594816935626113
-0.379893452734385017599549883016
0.279166509512508098644900655927
-0.56514991740709352718852187536
0.286437780575907130486967844263
-1
0.28315006149531585233347641406
-0.764055238210736176185378099035
0.293880946151372002272950112456
-0.468961491692787058038760505951
0.390287512053319740612522537049
-0.387179579710002830239545801305
0.487996395431604834680427984495
-0.435309752958491946728258881194
0.339084407173778468180813661093
-0.440544127498137483289752935889
0.269086773633223530488578489894
-0.30815220225543121790323652931
0.253522308244232608132051609573
-0.281592994004277896724630636527
0.23242883917714915464891589636
-0.241898773989278476070907686335
0.244887639623543651445913837961
-0.354306818814901780534398767486
0.214216326120179295644518902009
-0.287714100310094700319041294279
0.214345159813725483211044320342
-0.285222555229683372157722942575
0.23825791605874604983661413371
-0.318438995466369778597481854376
0.191078379783170632100208763404
-0.27298879338747544798238209296
-0.000661633049870851384921532911676
-0.377203811099343866430899652187
0.00684288144124846255816896345436
-0.191380771812605626758241328389
0.0283168444712185995992825837675
-0.237355017914452598448704634393
0.0358522179917898989320867997321
-0.187860970976054447723058160591
0.0496095603726331227378842925191
-0.14297789780126538006221892374
0.108869807918821295822375816442
-0.228291396765966242421441734223
0.0144958081640273097473459174012
-0.189932311887123755900219634896
-0.0316068983573182873958451466478
-0.244672815612870464541117598856
-0.0150155052099908929014171476979
-0.250862690971892121627462302058
-0.0136299966955893969711155477853
-0.149947358990607626516577965958
-0.00791241939919379300150126255176
-0.198408405287523792459580818104
-0.000923643087819709112003263573598
-0.416080761920089692296187422471
-0.00168103718634931794707887409146
-0.361821818652613980127341619664
-0.059831968234417040597428183446
-0.613596044167621368359277767013
-0.14187494745283782404676742317
-0.651904707256567794715351737977
-0.182592529076759158002118965669
-0.898114271053420676338419070817
-0.180146264784750209653196861836
-0.981879527693176212821413173515
-0.180033758863395371152549273575
-1
-0.141681030758308817985025029884
-1
-0.0686113730866219073689649121661
-1
-0.0029924827162406734092081617149
-1
0.0224849141303378810552437983006
-1
0.0717285952552637606771668288275
-1
0.075230723382725711578800087409
-0.937807746623697702226252204127
0.0786121880936967998287911996158
-0.880054615393494832353837864503
0.0900328998747282893688748117711
-0.721762905934283272024742927897
0.00768611741533242916191159821437
-0.400372527529502475474032507918
-0.17599938626785197048896236538
-0.493270348632238342378997231208
-0.0508554700062706158125713784557
-0.301784139156956232596940026269
0.0282211596366365446986179676969
-0.205473333772010130493512747307
0.140246034773561428776744719471
-0.241137088099574431465654811291
0.0386332169516760692840051660824
-0.115479096590663202204218862335
0.0113499338248190390077141387337
-0.0451456043984373722732783562606
0.00838494082920861368013465408922
-0.0388366030784952284693467561283
0.00446811280117942900141914108758
-0.0660622035473772267755165898961
-0.015446797040937649062031233882
-0.137582165727868299676117658237
-0.0684347698096009482426893555385
-0.410569383897689432760813588175
-0.0717936340232750297429831221052
-0.722355029003390769481995903334
-0.0544061642778640233708564721837
-0.954414625241304825919996801531
-0.0541929045973733175545206108836
-1
-0.0537331872099967855493929391741
-1
-0.00373406493696127033538045836281
-0.0805152201412430990057345070454
0.0141211625874422645743333504242
-0.0465264312651762629302609752813
0.0394192855141191067502859368687
-0.0195608671696225235037136513938
0.100077461503061543313108927578
-0.00669674942019478271898469401435
0.232504520556866212110946889879
-0.00296819452431350272458843164713
0.383479395129999178770674461703
-0.00164711448536106696248493275192
0.514451181848277983021944237407
-0.00104422421001974297972980654237
1
-0.000865003325025841241467661202336
1
-0.000767254241784608268135692288325
1
-0.000765418729739393609648456795469
1
-0.000783953682089425299417406733937
0.374995987176892975334396851395
-0.000824599763228187217743714310103
0.185453372758972334644056445541
-0.000933294637380434983706112284096
0.104326346104683928550649341105
-0.00129911849955150881380516736385
0.0732372945182341306136208913813
-0.00196281291421048767129042822432
0.0586057389812326967604150240732
-0.00316105043845102537045099744262
0.0543238489367583385347693081258
-0.00538050317669194755332284785254
0.0562240389811657081953200076896
-0.0098553459321396655323788138503
0.0552135351621160438972957251735
-0.0178047914103738082192140979032
0.0824501492194222862508468097076
-0.00906299577238268636025786406663
0.00265691481921196239260329896581
-0.0177287948570270872949983242961
0.00111093437718121470017540453057
-0.00518517517096710525703606720072
0.00104920400943997937578955337301
-0.00471529125230457733103373030303
0.000999283536344816548588343430026
-0.0037257379259405180686737235618
0.00104218848560174099163178063066
-0.00247839946347003063642500109154
0.00469087719304369429179635275773
0.000372055319089980879743856378994
0.00406589637315395244915317007894
0.000265952695713815622305387087465
0.00392949653913891340517583472547
0.000240960393063281193152050385642
0.00382611654267437598792023223382
0.000220177005271241128803172415473
0.003536260970509671596601064536
7.96957329399773482673033364598e-05
0.00264147817309356514395290993491
4.28385740176665600736352276789e-06
0.00125558045307402649411188111372
-0.00168856085726438879049404739874
0.000994270683422619934443975608929
-0.00200780301327046486678518100177
0.000779073308736893174047954957473
-0.0030100122661411692764898972996
0.000155152835965488436822945494953
-0.00267959554492137094067194524882
0.000700321860450741967216159444831
-0.00331971290017014485779212051852
0.00054742749512234607865007740557
-0.0010957457998506401133931298375
0.000395508888271113817451662963975
-0.000853510591566678596293915592952
0.000366386121850703963803014273637
-0.000799615208083380760682723487065
0.000365559606815625526797519651012
-0.000797583144445473523481693334247
0.000379621245596528319749679569739
-0.000827768704447032709591025589901
0.000403175580753010163754385120072
-0.000899345213323539567629172353236
0.000571074778370129934428056639462
-0.00191454233625951326935865637324
0.000662577931480910113995475008153
-0.00261490761471043107674883110292
0.000852439601328471691608912319538
-0.00356641168947317887052972373851
0.00133076213175802905708255963191
-0.00521724233478144863024317245959
0.00162748072030969681382728264651
-0.00465667357149918918063358219683
0.000644292501215432199083987807597
-0.000832802171964559453942733568965
0.00153225838891910405396845629156
-0.000400698093602330697882846211044
0.0019105433082115552429619542707
-0.000299389968885682407426923612448
0.00195648106671567588443760854489
-0.000289827291271338471131263636593
0.00369631961465727298943306777801
-0.000281846015711569562473687300397
0.00569438449309263988729057359706
-0.000296555674816082078231599394869
0.00899139107111684987572175487003
-0.000140537469315459582000493732323
0.0124182874380503027039734931236
-7.80291958869186187122343745237e-05
0.014244594810746155286174108312
-6.55261923860827818783675313696e-05
0.0230108614180455986475415386394
-4.28965784368487163674688034121e-05
0.0279747656870812932972114595032
-3.62517752101827240608644675746e-05
0.0420305187540407840240952452859
-2.39333759527505892023870048835e-05
0.0413589637936135068319032370709
-2.49644931375680901740245903886e-05
0.0447324223687183622488738876655
-2.29383097346942080741599712113e-05
0.0512844206999505600186317622047
-1.93175792619479395277170413747e-05
0.0724012458347750298415235192806
-1.67972107235265613362114323071e-05
0.0936097331017502337635605158539
-1.40287170402452372335077093735e-05
0.12405129209464108019922434778
-1.03845797712093764402852338891e-05
0.192668317052041182524391160769
-7.29115947967253382182729187777e-06
0.240277303606071773733887653179
-5.20985134594732576134891444131e-06
0.282282249912788552048681367523
-4.32885872828310166847030557302e-06
0.309945737109263430575367692654
-3.85907274214000315710635866107e-06
0.307317227441944285093455846436
-3.90752771519932815436505074702e-06
0.430149988748519396253300328681
-2.84764502724588098407361262676e-06
0.548733788227238172829913764872
-2.39923552238348669344756257382e-06
0.769414870411979645581368458807
-1.87953162958591516496799616459e-06
0.888667272996897961157003464905
-1.86607400322507427848815145938e-06
1
-1.86455494477386533267457627283e-06
1
-1.93621265122628784894958861584e-06
0.824099506706869044947438851523
-2.19388600078254907875334976664e-06
1
-2.98302006826337771623960937184e-06
0.702626774414927268708197516389
-3.09361801390460146443249674075e-06
0.576744100202501996932369365823
-3.24016130430189073794778643889e-06
0.440153055106242918625980564684
-3.45086267080697736394159780282e-06
0.397713013368816314940801248667
-3.5065645419155122085687944361e-06
0.376307546842170270728900050017
-3.56364343919555681358159182626e-06
0.268017109889000626488098077971
-3.97894727040083195956140377225e-06
0.150116271934351730443779615598
-4.66510071239853542015988199787e-06
0.10730755959876084326687362136
-4.43660757265679946001945763157e-06
0.0832998652743506401430195751345
-3.92627788259617823362311594959e-06
0.0764397754760010456065444373053
-3.83422196972133498549251129361e-06
0.0721597533444711947137051311074
-3.79167286402929662372102148638e-06
0.0648238090591593818512450297931
-3.72210472723621780082839567705e-06
0.0494972665034580372456218810839
-3.62391696412946629865417351446e-06
0.0384928873588132811067730187915
-3.39830089901218172513601249729e-06
0.0346592777656156425525324493719
-3.14664107325285870335939905629e-06
0.0185608086814537248665502033873
-2.6835272455453069546601769374e-06
0.016196405561001700479373255348
-2.60664346190286190277601678644e-06
0.0136748596231172064169312463378
-2.6327734539719137298009136311e-06
0.0121367303045451166432222578351
-2.70109389761536906914615036035e-06
0.00953904964776203581622304739085
-3.69562954472747027574600423017e-06
0.0051716207668802373006999850702
-6.65763159957830112027198782298e-06
0.00179317497284012098736349916095
-3.1606330362207996477561661175e-05
0.00130352120717662544116532963301
-4.43112120685621227716283199172e-05
0.0011136726298259190786471561907
-5.06357065429939370306521018161e-05
0.00176079818851095450983612611395
-0.000115073733498235268569130640426
0.00149495927665707780372661428459
-2.31984616693731210597135411478e-05
0.00158298585110058873809402157917
-4.73379617308749870028872002922e-07
0.00143266587210109561621729223901
-4.41336793821889533228491897532e-05
0.00129991554504076882274599125111
2.0740008919823055467566638721e-05
0.0009629840170290016434020974323
-9.99704242042751478006940013543e-05
0.000589200461673960247839521020552
-0.000771817257690395335141542165758
0.00101761557938542259414693713637
-0.00271211941336643811567563844278
0.00179243546130247797913692675564
-0.00427782187314631329178027385751
0.00234467375754582795996383559611
-0.004045633609338082463391383925
0.00307908276934857434367631690009
-0.00299194526402826212196917055053
0.00292814549771365419811308683506
-0.00358960968667053088171359220837
0.00444357840666402981871785371482
-0.000117123817478460815638165171126
0.00492163911359287057495359718473
0.00172227927269819492545055439336
0.00533691914832648463956621398552
0.00242721180113972170161451558101
0.00554050101746997054191767873021
0.00264255441027875723203344193735
0.00667695247723257105654237619774
0.00507518148762948432400898823857
0.00746728649561658429367749789662
0.00688448619428369285727642434836
0.00551823024000521605847424666536
0.00459898176474889119891287236896
0.00516009836818003345126903980145
0.00329850237471227512864313524688
0.00550907721372834429524045773974
0.00317726604891538279978879799614
0.00536491034019417802752860424675
0.00319982807778311072882670984541
0.00519936201852752317292827299866
0.00358601479840512868402235824306
0.00575841427498724554162601307894
0.00501735366835931364398737386523
0.00728717273195894285620077823751
0.0070443997324059941592122591203
0.0116400946783055316696708914037
0.0159597325275231821661847675387
0.0107955236568604093921885933582
0.0187196296602681541698665057538
0.00875275529410911995453759004704
0.016857319320880890384239947366
0.0132650258154400259996696931353
0.0292787453490421269164389883599
0.00339051718970743076395080173313
-0.0213329426016520551367960933931
0.0351236952415004757832583948129
-0.0205526177046205307807902329387
0.00882653726631065470298320718712
-0.0491575468358336556407017781112
0.0139583757821138115112757915881
-0.0456026198498644605439089616539
0.00905581072354612846841970252854
-0.0384034847007679105979072176069
0.00824387522064092860551998143137
-0.0353557201940714119214881350217
0.00464438759572258826752166882557
-0.0244895790307309221822684719427
0.0143746263053497972533856241739
0.0135743044600571977770231413274
0.0464073121080956357831226455346
-0.186336716406509422805370945753
0.00193749010924930040698777045094
-0.0115137998545571541147980454411
0.138718902421457707108132240137
-0.00220923148575220915784678155092
0.027601885252764309097717188024
0.012320861281398276868004337814
0.012799973793223179061029348702
-0.0250290639741689684150127703788
0.00462932699103605748564005395451
0.0288290232836946880290440731187
0.302560734318654600549791666708
-4.01247835643903407712353853531e-06
0.193115167319333813633619456596
-0.353356193377918292863881788435
0.222872567346019012646252122067
-0.211108044134364791766245161853
0.0873702863678293140115016512937
-0.0675836314167853613454894912138
-0.008651835081690059311987361923
-0.341600813201576036792772583794
0.00633393499317462613934504034319
0.0223265054003566748574982625541
0.0317704584306180287667231709747
0.0415589067766546638171831773434
0.0151353085361211510406764801928
0.0246598821474692878052970002045
0.324653041752112625495385600516
-0.355249969608812443677692272104
0.192420043037308086120162897714
-0.239415437352449161911849273565
-0.00473151071032889419809563946728
-0.0354342657976409458608912927957
0.00431176893877971510044000424955
-0.0228552976002355662243914480314
0.00105369851755814287509738225168
-0.0226815632745014893190127480693
0.0546497000487821266156984734153
-0.0128650870576160532982035178406
0.0489393425297443215860049292587
0.088350635266545407553451241256
0.0327506559171594838208996236517
0.0119412526088373705662748491818
0.387144382513130547174284856737
-3.11317327697636190368657947702e-06
0.0295635848297988237942668376945
-4.1093181293886041005537952675e-06
0.0365545659463636374297834663594
0.0876853036058016094278499963366
0.000985703361031841241574058543051
-0.00496665192747357351482628828876
0.0535305524326619361352719295155
-0.00725828206358389380753459718676
0.048244507798900951311971141422
-2.33196066769162892911085305236e-05
0.00273592266302570509203806459197
-8.27307212078056368595099789864e-05
0.00672091834756580186471808247006
0.00636143242133104577090696452046
1
-2.60078614864563549855880700279e-06
0.0525272797384518097540961889536
-7.58643092193884935754135886987e-06
1
-2.78456918113709429369500084062e-06
0.10173158109316589314818912726
-0.00463666555183955483854241208519
0.00440810555388974466967111354165
-0.0109837922726482677127091136526
0.0140477369492472865808441184754
-7.06641372360594844813028170272e-05
0.118683992153011411141427799976
-6.72003991227130123748984696919e-06
0.0108087102537779890937263971296
-0.0592125737237876800800329135654
0.0275741171691279499111892903329
-0.00511037146246008742306310423942
0.00178288051478165624624816487653
-0.0101660434462702408547896126834
0.00668951778045695066160503117203
0.0011393739547179860399639395041
0.00253137851866120549074179457705
-0.000155538806461658752179968989715
0.0122367241256431894674827631775
0.0136984955473226192868008155301
0.0140637388010444418229294427647
-2.87491518826215567035398112949e-06
0.0173222300986296540159514734114
0.0322596617933795931643103926945
0.364683469712757890590637543937
-3.64316393087067568357529517842e-06
0.0310066074917164161139915279364
-0.0863473079297264606291051336484
0.02752712690377432519506228914
0.0610380898564914092796485078907
0.0635783320458323669699396418764
-0.167894176029658448445758267553
0.0499306095076534686705294063813
-0.453159198088628145661971302616
0.404005971340599012719962956908
-0.00111255051347378466908288885406
0.00621566240018557418511857548538
-1.99899052667008529226167629078e-05
0.00991773638932523168842969596426
-5.15230157745387605723076662745e-05
0.0688509751552763143989110972143
-0.00901795944668564407320499043408
0.0693106179128217675389223018101
-0.00687133241471129477956347741952
0.0771967950393237928308209916395
-0.0077185949367219288189123638233
0.0616557873287408714224611117061
-0.00662399508107515151006383646859
0.0820974401874224601893814678988
-0.00793725557612039861465902390592
0.0566184441632502089003509126997
-0.0121265042629684904884612706155
0.0133779252986764487370896503649
-0.0270815988781093162918178762766
0.00911742344036087400127588153964
-0.0401142884873568680847988332516
-0.00028006429195962916902859496382
-0.0263394350865747937928684763165
-0.00098334117349241573560747475824
-0.0269354031631338988739265971617
0.00116325000162645266627015061545
-0.0301795449993486862572122930715
0.00109312578759861839770850533426
-0.0216490700373248891319466480354
0.0231350781258925601580056508055
0.0166340967558959544614349823632
0.00935665155942944949674089372138
0.00605676773857740692597051435087
0.00295717478393382662144039940699
-0.011910870253231677431959845137
0.00193517021624594384027195914655
-0.00684950464222119827922830026523
0.00276399293706359495959024030753
-0.00791777174720484713810186860883
0.0309765649208825176452730687515
-0.278904624846366244739215289883
0.00484950326738712005764098122995
-0.00796717617841830212654929965765
0.0231274505209817064776967043827
-0.0205102700024146593349438916221
0.0484369191057854031612350809155
-0.0628123225233318260851689274205
0.0324236042984418493251297377356
-0.052892339262872872795995249362
0.0245458647317920754249431780636
-0.0784008365839336807123771677652
0.016007598458398903523702827556
0.00646620147907467964637495683178
0.0192169904099724550561312241825
-0.0256635227653931805025244727858
0.0104166921386685019934592588697
-0.00441485415397053181096875817957
0.0219001556512710936208687684257
0.00186969004060866272366736584587
0.0105346108288706490074826405134
0.000998549924965401415263843709624
0.0301992396295254345028880038626
-0.183750925196694336882785592024
0.0422745599857337894800224376013
-0.433207181045917044670545692497
0.0261873783706457509412590667353
-0.15300553794417995345789051953
0.00376585318666757679073597842034
-0.00216089131950763764858369775368
0.0108831527767065550788005978688
-0.0204988323969256432122154620856
0.0226870132507187224901734623472
0.0162740202979135099858876145618
0.0268266628474851248631338762607
-0.0144091528555067606431894233765
0.0365808518286492578841517797628
-0.0261274595618626870319189947622
0.0269775110074048744823738132936
-0.0132665165186308681849469692793
0.0235093313387916245937869774707
0.00206826847993960179217243222638
0.0156511215552986408805491436169
-0.010999655627570621013733287441
0.00783064446080942999639518120603
-0.00866515988049821467287259224577
0.0042214709428684609945903183359
-0.0482137879882196529468529888618
0.00154893415569554268769458804655
-0.00758670685158759593169630619514
0.00302737883395752787468735434118
-0.017308523866390649464941375868
0.00609419246872047043472875316183
-0.029456456606524902136490240423
0.00350805144194941184027092262454
-0.0233966198460587755658668385195
0.0045805538275484796242875695782
-0.00396718430238040924151743382708
0.00378032413819581530542435210407
-0.00449672486401355049612238445889
0.00448898327866318821999236376996
-0.00146601429902077089358070072223
0.00507130293651257557652201057863
1.84853997143092386990208958464e-05
0.00651755475703798530656696286201
-0.00188419519419965740721079061615
0.0344120758511989519035090268062
-0.125415834528440517381397967256
0.0249770071584027725242194151178
-0.0552227572938772254262929095603
0.049196816411301878824158251291
-1
0.0453034940816029324528457777888
-0.432411783322510623328582823888
0.0439723135140710069679315097346
-0.580217044960111283380399527232
0.0108449694551936461073271544819
-0.0270537456292219459508263668113
0.00538863660038293047077617714535
-0.0670430521758508396468201340213
0.028985123199830500895224361102
-0.0694304020428623824834346578427
0.0167219575054238130118466898466
-0.0288340917757151926625880378197
0.0640681672869808788162160340107
-0.187294499829313204619651855865
0.0105187570800622486044684222861
-0.0357583049236669600623450548937
0.0279449327274296707712686327341
-0.136702870775410934012228381107
0.00450619326141037286614920986949
-0.0145409349766149886828969783892
0.0300573814911415798656335596206
0.0310675488978190382505228939181
0.0345795570568261101396245749129
0.0155223830942899654328215319765
0.0272447963711231061489925764363
0.0146280779059611756170999896653
0.00850463316787307931077233291717
-0.0429962938350427412159682205584
0.0147745390079716421710687157542
-0.0403748738723402264549910967162
0.0284164607482311620811898933425
-0.190495410182302232771078820406
0.00309915726323568016878362563205
-0.0104237715575969617370910569321
0.00711212721601338360155608597779
-0.0196145118329010860469541199791
0.00461496504340162469470776329672
-0.0188432880684297546225458575009
0.00575251656460074294735518307675
-0.0802678693785361940804534697236
0.033915650161421312391851756729
0.0210433829672034139468550506535
0.0258525140800952950292934673371
-0.00166181338072830570191940058322
0.028561980633708294874395505758
-0.0917163216212956294848268612441
0.0286476447753074500712777705758
-0.0534030243717173655482177707654
0.0367622805661848156555393529743
-0.223302101648219314400378721075
0.0580377509541836339446163606226
-0.266833498388813095125726704282
0.0359747872055450890194094881736
-0.310148183042354308458499190237
0.0468146568645347871395756556012
-0.169073183157795486897256864722
0.0271123235735947799851519590675
-0.0852282299201943815969428897006
0.0492228764256860892856160205611
-0.118220440468751644691458579928
0.10636707091593776419724548532
-0.253291388697683084174627765606
0.083879585141033718986847134147
-0.186110046370592280284839148408
0.0835697503663597046630329145955
-0.293814039158902751136537290222
0.107558014926740649896963475385
-0.22311237337744144193507622731
0.0639856597910368474213527179018
-0.141723738070679339262625262563
0.0976808686036462064938845628603
-0.223407810966939734953484730795
0.016075037586384951365792161937
-0.0513721805741409603962566166047
0.020419437716779287317336866181
-0.0480461260309461360429317267062
0.0125637335583914551417894500673
-0.0279983426841146493257994620762
0.0180067082662018207450671525294
-0.0575245781670263162110856569598
-6.83165695660525531954579414595e-06
-4.26734906162888425172087774467e-07
-6.82937857693396181614931689241e-06
-4.26593460237429596661808692618e-07
-7.46742540448208891009154730689e-06
-4.66401737117538892792825873379e-07
-1.01025304829499352522476779415e-05
-6.34551875151239267781357045184e-07
-1.01293160748152762188614359196e-05
-6.30109992106553085022195397069e-07
-1.04708773570211011893398359018e-05
-6.50403853694855168096806714156e-07
-1.45631023574368364192303110238e-05
-8.98612620768921050329759020459e-07
-1.47896084563951806808241792868e-05
-9.12415120113122566816016550256e-07
-1.51903089512429697373894002532e-05
-9.36858530902977991848697668364e-07
-1.67696203312907581202406692711e-05
-1.03270138028742348410048482177e-06
-2.05124401543003461031652867597e-05
-1.26018829767493896052332671281e-06
-2.55163839105137318864682111075e-05
-1.55721681883081365789197377664e-06
-3.16943490390269141032328348295e-05
-1.92153724555437125675098029853e-06
-3.75100310764940104470144266458e-05
-2.26115619449022684682914716148e-06
-4.43865840362219773269567002494e-05
-2.63236195144742199790335694665e-06
-4.82537140317641828775839518695e-05
-2.82029701836336686856469141427e-06
-0.000214630030336105911189376049819
-1.12969209408675043984594463242e-05
-0.000203299453403805459967765290052
-1.06582846001725102476386311534e-05
-0.000111741197073984897640552826914
-5.91490161339105703961578283656e-06
-8.31830692409798994448391629142e-05
-4.4031306234600499030116746435e-06
-8.1094233763450538515250853866e-05
-4.29255838444441532999540714344e-06
-8.07566601756073341967720469192e-05
-4.27468872152569996436055968503e-06
-0.000114670105204016666120177270205
-6.07025388895819982646318707653e-06
-0.00027509191383666008363928501268
-1.42081358860373282293606753135e-05
-0.00114352728419397356093845097291
-4.6662060092227968422125272685e-05
-0.0115098476926173073908721278258
-0.000198950151651687719405597887246
-0.275495945097709249438366896356
-0.000837565922139530934578677268121
-0.314618872333204901980963086316
-0.000854224810134050879968647951301
-0.432075019562684403684471590168
-0.000868243452863271610205064821031
-0.478720905288492148965673322891
-0.000893257500241821330612401741433
-0.581929380612840607689406624559
-0.000959291240723567626737244840029
-0.705911272753379503974713315984
-0.00100700814171796309420825465963
-0.773891961994113697365094139968
-0.00104415473091032016093870904427
-0.999999999999999888977697537484
-0.00118210298141892527351570763017
-1
-0.00562423093926490719890454172969
-0.568512584929321773685728658165
-0.00761538467096958913288284875875
-0.392937811917798307526084045094
-0.0090981113443718598932097307852
-0.0729900592902498895897522857013
-0.00218509405776682501601482222497
-0.0129247276496319268151991010996
-0.00117897282935915288792916300054
-0.00218262141204082207521230962755
-0.00042374374577437657826695094343
-0.00181200470346479431717201524776
-0.000200562128119154196815784874097
-0.00470105227922597724427022924942
-0.000544639845185961881356140334987
-0.00868103500299509910076434238135
-0.000593370582171367177103105117197
-0.0134964328842823912818493781174
0.00516026521459899724375564034062
-0.0138856236837962363633858231537
-0.00167996803509328786717380577187
-0.0390737677937623914536935387787
-0.00955433695952003295137622274069
-0.063346210326270885326849224839
-0.016302783413702153642033110259
-0.105803667833821321564435891105
-0.0276449795730676316229956768211
-0.108620524643791349639343479794
-0.0283945954617240425843505136072
-0.137968799631676242167799273375
-0.0360678766205604212080615411651
-0.227175603305180134894314392113
-0.0592636122982928142954861527869
-0.354391807496253152809373432319
-0.0981641247870451150170367782266
-0.372593640395095238027067807707
-0.104523635479820894977898149136
-0.291520317886071744784004522444
-0.0746375311287785364600111392974
-0.340882032718966776485558511922
-0.0855016721826979547715907870042
-0.377342628453256390130832187424
-0.108528584401585345697860418568
-0.387403575670818567378006491708
-0.114147850585262930489527377631
-0.39768600532226017207904078532
-0.118534971273827283155810619064
-0.394878055737851285655892752402
-0.116936369707385148797307294899
-0.345035599059007713762525781931
-0.0779382997194338483781805848594
-0.348897777770922956630528233291
-0.0861416461785876469425815571412
-0.352640726052182162941761589536
-0.0924357721686697719754022273264
-0.450155012086521921776949284322
-0.146821297208173912052231457892
-0.427768033445702133832355684717
-0.127608702271855500853803278005
-0.427634180635291627492478028216
-0.10464890060244556868607190836
-0.270877751265521105050737560305
-0.0677417869091536256620500466852
-0.189875795385531842551785075557
-0.0487754315987735317938778223379
-0.158911245097365566580904783223
-0.0418608428324162562539356713387
-0.122043223630428063208874789325
-0.0339443143752901146936729048775
-0.104387707518590194810670368497
-0.031637644786985136269308327428
-0.100146930744824710912688203734
-0.0320417826842206779347499434607
-0.086377507250336951760694148561
-0.0308951125794777736732754647164
-0.0844865931513907042482713904974
-0.0286004114322091530786540403142
-0.0845446960097892136198893808796
-0.0284076534055430728054059130727
-0.0862415001159306110478652840357
-0.0285848592812900960391520044368
-0.113193725864353819665630851432
-0.0312388761332702546980044644442
-0.108891397396172456835117259288
-0.0290634698521704468165971491089
-0.100603274359281069649796336307
-0.0265723833598025399593822726274
-0.0975017589588825783764036714274
-0.0257326538467064942772299929175
-0.0662074811559827808293832163145
-0.0172155098759825680998503116825
-0.00945041608954616009496962902858
-0.00145790329528399059504095713891
-0.00527934989037845935067050362477
-0.00187891084649487649302357361591
-0.00699892645516105894876179860375
-0.00411921790960096279726743162541
-0.0103234314360680489580657237525
-0.00612334712453232229284472154518
-0.0169840757967555239238421904702
-0.00906570846688707632221593257782
-0.0683372096533866879575214170472
-0.022088887967184486771365925506
-0.112776662687493631209711963947
-0.0387082837230651524706992461233
-0.255539207987010408285044604781
-0.0437698550471976588482903025579
-0.321399731438590352539108607743
-0.0321778027689064299865506768583
-0.341017302849632941708080124954
-0.0282197788755437148355831311619
-0.445538015494748473876995831233
-0.0114133505404671806160443736644
-0.358572061797567120944307816899
-0.0287793529624034288838529960231
-0.501565231132350963783039787813
0.0173225111318681956884546480069
-0.468958844400179930556049612278
0.0849114063497206084107915557979
-0.497262870159694447824705321182
0.102217731491160895851422196756
-0.720549492044749162467098813067
0.0846619773477415293871928270164
-0.953213586749039332168820237712
0.0812395471856948020450417402571
-1
0.0807409966906528775432150268898
-0.611960206230538039662292248977
0.0806599211986337716329131808379
-1
0.0601681507932081277578717504184
-1
-0.0019664858232456418167533040986
-0.40691655010428795513632849179
-0.0412703673002987603268820748781
-0.221413326578586089343758658288
-0.0909733854792527107946398245986
-0.213683047757319000137243847348
-0.0947145233495742810969630909312
-0.206602603601346940243033145634
-0.0983412568706048956235221680799
-0.188828426183917125191769059711
-0.110822148438147929927488632984
-0.235844659910655785051147859122
-0.0576455360792341789388792960835
-0.133090861379164648869988241131
-0.103746153316425115953336444363
-0.184284000605295927854854198813
-0.0569490410997233395540284561775
-0.107016832288267901840406182146
-0.0372552741366973388936756350631
-0.0516984186887648189401289755551
-0.0185881070955831138868941110331
-0.0140041640893084039232174831113
-0.00959233098008269169376660556736
-0.00910841762478024376259444494508
-0.0195113541803971606014567186094
-0.00836798720223434246145988169019
-0.0187456411594929123198838283315
-0.0100899836882324019093903899602
-0.00434291940025197022862135654009
-0.0324601926997650086503810484828
0.0220013041257449901144660486807
-0.0637696812838135229650760038567
0.0516204472385650772747744952085
-0.0345512194460262656026117156216
0.0272494377270920511147078713066
-0.0265095764710107685557805012877
0.0205213350247209526389102762778
-0.0264451991886973242218417112781
0.0204253046414772793104575043799
-0.0264352771675521076855108759673
0.0201674519809677231518829643164
0.0158098488538969371430820132218
-0.0306776568747975965367746908896
0.0126667999241743996219344836618
-0.0371213585146787372615051481262
0.00576647217748974937751027525223
-0.0333474766906667260957242149289
-0.00591704116059581317760285301688
-0.0521832825866803198811005870539
-0.0388726870969847357328852410774
-0.0557939241976479760598550683426
-0.0581635334723506342013976677663
-0.0893080272109074702058251205017
-0.0380940389020563152655540761771
-0.152124174765901704065029775848
-0.0223265564076958779315962289047
-0.294647439344621953072334008539
-0.0111608509700171880385521916423
-0.612789163017438687219851090049
-0.00750426334846007909995524443048
-1
-0.00393920479832925076596472635515
-1
-0.0015080087289083222903268710624
-1
0.000534072963524658949480139469301
-1
0.00309682397036579798096922466755
-0.455452871783105173175698610066
0.00711929101304020067741973321063
-0.241419967972385712817739999991
0.014249476875237353581948873682
-0.137005023345806137280433745218
0.0268651003346824339412801663229
-0.068399087631831292921624765313
0.016114391446113401906714557299
-0.0589590382622392494837981757883
0.0100751125954142931734347499173
-0.0485059489579565614181255739368
0.000635380941081242398525696923883
-0.0460717867354506760424470712678
-0.015586636923480437152966793235
-0.0380162323485884537377366143573
-0.0210732931008591403698737565264
-0.0409029773460125728457015270578
-0.0100336688373156863313129250059
-0.0251705622786056078254990353571
-0.00335774780726348252499202651222
-0.018263707034496923231614573524
0.0026641891484155610578254957943
-0.01621996437009808403328925408
0.0396988962056469135708525186601
-0.0240271595641795183972977412168
0.0735181872845649120318256564133
-0.0227762815456376624401180208679
0.0726310475326462923195691701039
-0.0112800715553452550465873827079
0.0690015289428158595796958252322
-0.0110711544023316052487437843865
0.0316317745110599596314315817835
-0.0177977673570673330938340939156
0.0206011124419609656377438966501
-0.012290331786744934650101868101
0.00744923998712490424700671809433
-0.0130118258061475665365858134237
0.0118178818435561838046110594291
-0.0175753547468281354215768885751
0.00198220182943956158005960332957
-0.00877825811429998846546762791831
0.00201837708232557562840203679855
-0.00501959076540815264666495210122
0.00246670897976340123408656168635
-0.00311516601888917055163119584904
0.0225230791372157575225276815445
0.00501137002183965184903824408025
0.0257597415719179288762230584098
0.00107469668936398992167835508837
0.0376181437093641574120894688349
0.0214287139203340644411088788956
0.0463738757510174653964085678126
0.0336035298054633765896248576155
0.032778580534527118617305063708
0.0140807867232945835983537463676
0.0248683050866732417716331582369
0.00724959753036016202321079049398
0.0180917452094202686752044684226
0.00504371168935759898316328886381
0.0104391161995841530440998212725
0.00175121655170096582852801159191
0.0044255259154788173514560867261
-0.000320375853876987692903099969044
0.00158361416468152157305260274711
-0.000653570733669983834103478503863
0.000183076673000629434754152335962
-0.000366728200808541374752097530276
-1.43090567545488345436088470364e-05
-3.49379775589068368793488339463e-05
-2.67878586071579666478582881783e-06
-1.01066739208171458045629892419e-05
-1.78451081512857936442440712904e-06
-8.5178660487570889378074190379e-06
-1.69719404470214353903916807559e-06
-8.38079268028566948451653362273e-06
-3.64426065876787740182039592937e-07
-9.62999014820253782236548351081e-06
3.04823711428310376597179817346e-07
-1.27553694911144886389459812692e-05
7.76043008588059200094744043141e-07
-1.75536180822298433490662866729e-05
1.17386170026012644200953238122e-06
-2.3755801565115943678550142204e-05
1.36583511630851081167833515478e-06
-2.74654953898633662613768674499e-05
2.25016865482596350499038505288e-06
-4.62081070607389587305384448523e-05
2.74574208815268067858405588721e-06
-5.68041422519403028349067874547e-05
4.14394336900606340601174032434e-06
-8.67131769440894072283054772043e-05
4.07686865904222439036799427448e-06
-8.52643196744510292956267805131e-05
4.4118737970812641112036169011e-06
-9.24008923256425989192774927972e-05
5.0623677112155769679995367949e-06
-0.000106248264291120201436267878048
7.00714395977519111861735179314e-06
-0.000161180115904679434335466936545
8.93207635085425514273171215818e-06
-0.000218450803429448076531035893844
1.1700459009748119719126514815e-05
-0.000300222222841576896670140461865
1.74889080588233886278618639532e-05
-0.000515133638639866118028032282439
2.15101893378632782690990793428e-05
-0.00066388821927356898508487681454
1.70429896134543980645652781758e-06
-0.00097662314826668021432165556206
-7.26774700098301642279055578832e-05
-0.0015404182354546347346463397443
-9.51948245626853262191247040391e-05
-0.00162311102556782715054806143229
0.000108356475520247463439210688918
-0.00151675769112951286561596919711
0.000202397372200439028527146900771
-0.00224739291541856687009492965501
0.000876672138363154699117196777536
-0.00246246547496702626600662000556
0.00176852566626738345358094139925
-0.00345866602657063587980545982248
0.00113356341393122694340134248847
-0.00256859497894311190197003114122
0.00053375793064407205199689565589
-0.00147347404979822544680845286535
0.000308542052575861553125741165715
-0.00104537848087160730944922271135
8.27251989718537686889499038756e-05
-0.000379614061135409141395369303495
7.06924880711404761543178998373e-05
-0.000344402163371056700431199759649
5.90074983464030768738790844186e-05
-0.000304048210025251056196765597761
4.6400602982890875453092505154e-05
-0.000261835143408850525709175016686
4.21120823807619810898866807847e-05
-0.000241455621600819250087768819135
3.99628368523644248171307336026e-05
-0.000231539502790301641738796023517
2.91505459773783357998490350926e-05
-0.000182961210337564218536207660826
1.64706984038104884988246157107e-05
-0.000111797928925681737508286694993
1.18066766275639960340508236025e-05
-8.12675324151688842615887109488e-05
9.19019638650894644808005823355e-06
-6.34309454991460524783675190008e-05
8.44534992497758073401372541644e-06
-5.83728036085881440346405379938e-05
7.98144654858484429050136804706e-06
-5.52279233265676335572214039615e-05
7.18517727550124115352449261085e-06
-4.98509796286781162546510037803e-05
5.52390348217989739996710077397e-06
-3.86531680272732448703024155101e-05
4.33666190743693380482953053656e-06
-3.03773586071231435363614731271e-05
3.92208327579320792144511667598e-06
-2.72969506365388355580061524597e-05
2.29958767589773533044088422994e-06
-1.39845691964992009556330646025e-05
2.12471528754925834231686958276e-06
-1.17162403209270304325342534901e-05
2.02618364996625289166571649846e-06
-8.94718411341133776912889347122e-06
2.24232017622141614022557645769e-06
-6.19999263752297784452801460153e-06
1.59723262671949319731223328189e-06
-4.0706480979412169995544819312e-06
5.88053201302469634987701678497e-07
-2.93017066766443161950962160989e-06
-3.19961201626254898197735136375e-07
-2.03356526749502236077926826952e-06
-5.9448617994762576730488666879e-07
-1.96817225417952651380509854206e-06
-7.24647279003030257022984015475e-07
-1.97492995269546249063300109861e-06
-1.96096868559739344862699085559e-06
-5.2832860767055528052526733318e-06
-1.77550904591410469365322065405e-06
-5.86012146525063816850705661343e-06
-1.59034398950899803574230480935e-06
-7.65446837689238541665732312724e-06
-2.17519971717992809036746476581e-06
-9.82308008133990932038599741549e-06
-2.43684679998809881521599704501e-06
-1.06728693148556745757312563816e-05
-4.06227116254374120529312824912e-06
-1.61063393921954909888787088601e-05
-1.04576062553766009838654427178e-05
-4.12816564726610282245154726066e-05
7.22713210048779250167100274282e-05
-0.000205896327847299365947433824608
5.60934512074351570068940497915e-05
-0.000303453112876334387976867690284
-2.44889476291922283523062181532e-05
-0.000250332381801291999415259859063
-2.19010397139388390309617388185e-05
-0.000245330866274555436414017695057
-9.23268580292894069840720083775e-05
-0.00019577246485294358163860295452
-0.000205722165987292764923952126388
-4.46106113309533631777932527473e-05
-0.000176059652575697367024587514095
-2.87884806409766271081615562899e-05
-0.000177194992960183516413769089226
-2.54197371886638948113024127906e-05
-0.000178066377344656442786863248529
-2.44768994882643565048734035638e-05
-0.000141626802934198352777739327024
-1.51162313089293356103970378257e-05
-0.000109630981801211706424224734402
-9.8029873251912766292425274739e-06
-4.39354711516073783198442492814e-05
-7.64330243162122103244032105332e-08
-1.60505656072720343440982104788e-05
6.18433579732116817399747293882e-06
-6.27349651076399787691774759257e-06
9.04819150046712947362773787896e-06
-6.35814577589697642572962726915e-06
9.05409994562235361003146860703e-06
-2.27103755954348310915763553552e-05
4.59606088552390111789903645589e-06
-5.16401360094316633523800486039e-05
-1.49841111727184475296630831315e-06
-9.10068590759628080451640319559e-05
-7.60793098997985121401989305756e-06
-4.20537746787911934304507455273e-05
-2.87238511554075654909714589158e-06
-2.05583964010600058652019489491e-05
-1.3796938452071411790843258327e-06
-1.12150389453312859295739875587e-05
-7.3643701577479328594872179381e-07
-1.12237183287677678116120091878e-05
-7.13649541131291553220630709958e-07
-0.0120618178637286622284507942027
-0.0323635111396562841212798389279
0.0054297975170738152841942714133
-0.0313883235138514501971762626908
-0.000761530732298743842298427431103
-0.0131396504889470921301208861109
-0.00651584599222560390680003550301
-0.014141956684262402613172504573
-0.0103669761491978935918911730596
-0.0272397588457868079780954673197
-0.0112395468091906185897910219751
-0.0294369793751844029128239554893
-0.0123362654770911364665586518186
-0.0328134349009337744629277722197
-0.000217424126237951594303038360678
-1.30965715300021590431715085012e-05
-0.187121540758267673743020509391
-0.00121166240068206832250496951531
-0.00130401568671937207084809973168
-0.00365885055762356879716090674037
0.000238339505271150910647656728791
-0.210945777095278064194872058579
-0.000171235721242832462278896099583
-9.03603177174335073533126272416e-06
0.000154015817531593008932883082096
-0.0375655625553501931745969955045
-9.10634670471936768544607421205e-06
-5.70135266015246885862202512463e-07
-3.17022678163221273113861475856e-05
-0.0012884056405800228990721212341
-0.233746823089013816554526670188
-0.0594890912356032808272487955037
-0.301657071388257480570871393866
-0.0810728372675368902378068014514
-0.284508791233165914125180506744
-0.00089829929874506576729931150993
-0.307104816539255642826589109973
-0.0370504935348452968391086415068
-7.40231815817981350890926786623e-06
-4.62384844416561152690217650907e-07
-4.20983932067784462653300958657e-05
-2.60869221852595583837470215316e-06
-7.03851514177732235467499846693e-06
-4.39645918568090927593594238743e-07
-0.0915947170718170305958594212825
-0.029805984282701321330666388576
-0.120280601412131066263455636545
-0.0315854694264348784260576508132
-0.00230623435904627220247031793576
-0.0315779531780226233039776673195
-0.00838977100023033557640861346272
-0.0202582393723830175846778445248
-0.00768275093429291854735252442765
-0.0340230912060244389261143282965
-9.52715432373670532972820268469e-05
-5.04304688952210177280404551636e-06
-2.73349532577908756918790705859e-05
-1.67513839509197539498160968441e-06
-0.000147678604106067542763372490988
-7.80661475627018962948015096126e-06
7.92202860305808297548130214594e-05
-0.000889266531836425044507676851424
3.35118020128704110553144630835e-06
-2.49305271964660751945162819876e-05
-1.163824381280807866202459816e-05
-7.21046107822150852602620298842e-07
-0.00372466194207875331972923405033
-0.0131769980935449379511048562108
0.00475598427923458640098619554237
-0.0337544435431648345846689096561
4.94348496133770965647695472267e-06
-8.61662074820631072912327508284e-05
-1.03044025684701265475255813758e-06
-6.42315861062449978177279347191e-06
-7.58641740111889935653174954489e-05
-5.39501156894066020758195939555e-06
0.000174599012663955414784502928605
-0.000656901062611041993040406072879
5.87493276522392885303754453408e-06
-4.82889459940365054543137679488e-05
0.00011595737519032210335618443553
-0.000480794157592642486080680708227
-0.00292443304003844840519010794821
-0.100850023936414651126725061658
-0.000341574352886913680006630844588
-0.000300472568309298254315975462703
1.34905411927197469511394319064e-06
-2.57581152350062225373991675603e-05
1.35468368572973558061796339747e-05
-0.000124507980781001788934611584914
-0.00533733844745844319273908595846
-0.00727070918005164826963815372096
-7.91138721884856728309987072834e-05
-4.4076657890423741456217832102e-06
-0.0101625910352707207046085713387
-0.0237279545325849994252820351903
-0.00029019129316864184257515613119
-3.78387399053582070018210414819e-05
-9.94356137916940886832106033522e-07
-7.64726170143125699566778730176e-06
-8.2745556308950560394331608105e-05
-5.64962436278254678958350362694e-06
1.89116695449051357842652158064e-06
-9.9103685668147310490559004359e-06
-1.60839428669929112181852248753e-05
-1.02585235612236572886539053701e-06
4.37704047609090032919937351963e-05
-0.000323154813663831816730742652055
-0.0847957507053889864012674593141
-0.000606304815443259466876957386461
-1.26894056578102874788781251336e-05
-7.90384176534068323902713394669e-07
-1
-0.0020148177309532852227724752936
-0.714882374251388341690471861511
-0.0037672995039251511682765194422
-0.00530821512803353236925607561147
-0.366665746554202420792734073984
4.43045791351512126902945608309e-07
-6.53913680275236947986262567301e-06
8.15416094148996904673659322227e-07
-1.54252106548165770637422167244e-05
0.00423401721179213728907253511125
-0.0486551291166661958875749860454
0.00325991084369185550595471312363
-0.0361987074186863808100689254843
0.00139231613740360780223648262677
-0.0376208875154926125627952160357
0.00428536194365760486624239433695
-0.0361656014742184339638697565533
-0.000142466118985607636182252888624
-0.0473308479369437123951414037037
0.00467184917845519121631925330007
-0.039256679656446323567475786831
0.00235365116439027093411806568213
-0.0281604749964719305865834542146
-0.00814839269392346986220498905595
-0.018260127253193134122533081154
-0.00733464275800411406175394191109
-0.0446002259331923014973320107401
-0.00468581454636131725099978950766
-0.0334006235266448986420684263976
-0.00498333107991111908668946384182
-0.0449162181768005125404030764003
-0.0110383428984772817560422453198
-0.0468529073777136303990964449895
-0.000452581137237633660680424796396
-2.34671723744505058228092264638e-05
-0.000242922050264122822834864101615
-2.03765443308399840855512502591e-05
-0.000242529019478386983653048214471
-0.000787699223264776561374833629969
0.000350923683122911429007467765118
-0.00063728865462417047787341273235
-6.5810097997876274792533601854e-05
-0.000414146822785125298498065671282
-0.0365515509405952149224461322774
-0.000887198112646911396517168668652
-0.000376449171777693198433917265433
-0.000160421611226478990925442547066
-0.0560726039775267456888308004181
-0.000437587960143850517209795913942
-0.129764235201520056195434449364
-0.000625498500875153141606577200662
-0.0850751775091975748210870733601
-0.00053902576836403217307169821737
-0.0243668000671234188936331577224
-0.000387860637464157919848672939622
-0.000589282857722726611388042172734
-3.80044635851980045762252280461e-05
-0.00309841189902349553944582716269
-0.000148279596854390232881296118883
-0.000775322642329816453035662426885
-7.34392644940038872517634738202e-05
-0.0016228795429385188282128682502
-7.56185603244676174091234988062e-05
-0.000514210400567190824457075581932
-4.83490465030045592979661417399e-05
-0.0761544003319009482622092832571
-0.000874285499994022566316864697455
-0.109915050487848262039669577916
-0.00200405797050348839782873966442
-0.0394712870305227170319994911551
-0.000613698153715412988984390096903
-0.000204765333716013707638162189006
-8.79007469432579324622803462752e-05
-0.00103510855016427944647050551907
-0.000168051431667761168222557932594
-0.00417354974756399370316994890118
-0.000109589706797172598603390403227
-0.00607333717637140602790823962209
-0.00015762188820158740728410995402
-0.0131671369450078196844389211151
-0.000243879493968681212859653251179
-0.0257411576593160745796140531638
-0.000308997996342378483669577349247
-0.00332919607320143924600319706997
-0.00010413704999692468698615360756
-0.00153733457703069211798541093827
-0.000100968092108155791785523147652
-0.00064037024024700926749797957882
-0.000104768699753913054669579585365
-0.00182966592145966883489749399416
-0.00145586755386025324537913050449
0.000259710700207396044409541291387
-0.00159875488583869815838178762846
-0.000803564814769898243772272561358
-0.00150486860818640415075886362928
-0.00103533701995794143874141113315
-0.000730918210607284864373245358848
-0.00155472854074237558548443605133
-0.00246705523874063111303134299135
-0.000296537039781504788062832522755
-9.85706610231499539154925715323e-05
-0.000222119187793683116240867070346
-0.000143586798692637055644555355016
-0.000240734783632714561445523071548
-6.34070411169389665717241455489e-05
-0.000236121678772814808447422230131
-4.44830451289941026463831130755e-05
-0.000383263159433379102958988626781
-6.02918658740872359549749226471e-05
-0.009152315456280223082696778647
-0.000413858846392514635650211607398
-0.007006902241990299942675513023
-0.000238382723856636749093854121817
-0.0321518622132929629553466099878
-0.00280663765223978069543453450763
-0.0217605311367761317109525975866
-0.00124815376030616145483498335977
-0.0545385792307747363505399107453
-0.0016793429558572391807613755077
-0.000990570030135150313491121387699
-0.000276005066569117633954594248635
-0.0022768469237187316175918816441
-0.000737844086416297598521318867881
-0.00317367559438179111519495734228
-0.000281585640473084014134136365826
-0.00187890807611893221815146937104
-0.000163330908199429557410564672892
-0.00663782298295470789967209768179
-0.000576091955927882245179494358212
-0.00118248499723097740508881425825
-0.000433608357924498619400538457214
-0.0179354638869751413510211790481
-0.00047976887415029380833109140525
-0.000435097331763020876010950033219
-0.000487375320352420441684382357295
-0.00241326243448363808932755070202
-7.81105037509880628264144486472e-05
-0.00164556359892591825243302050552
-6.47893441160780187391965423416e-05
-0.00264540364410754871155040390818
-8.51696012876433167703912885393e-05
-0.00145169094573276450874099730015
-0.000522678632032675489701989413049
-0.00132626483842797500932453313993
-0.000337795477006049298020901039408
-0.0283279870253165914906201550139
-0.00065035600565636962448745617138
-0.000169568732811315603251425820908
-0.000561231043285372282851397596204
-0.000662827860167778640416991198236
-0.000346755929160487126692441472997
-0.000617510668576367921685232875717
-0.000680086013765077612887310909429
-0.00270536983365905411846874528692
-0.000514805550353686033372702102184
-0.000587324094543695642868519346536
-2.69119107686940883231076909743e-05
-0.0263891433437124060812362102979
-0.000309839654997371295296754167836
-0.0111075570263593163128357232949
-0.000344207006319227333621807440878
-0.011015639976042381278920068155
-0.000266314053020950394431998198286
-0.0164973977791905007661554805054
-0.000684709717290989117177701928085
-0.0120528676591103011545014211947
-0.000776757916444830386580588932333
-0.025470012532631539775573870088
-0.000936916914855291335130493823868
-0.00851114594822793314732312097703
-0.000521883840787949141587498402828
-0.016562944789670984435669964796
-0.000361308277710735122403851171669
-0.00355328302123155380376484657745
-0.000443748669441467586110200427285
-0.00620970536550264403524712619742
-0.000684183488324518508660876392469
-0.00410119927881827904536660156509
-0.000670792765306735976928165232636
-0.00963071515562338893723381971768
-0.00083093227163118059397373116326
-0.0039380596671929881877338708307
-0.000849953908725602008331079240122
-0.00311390364797552773173938689411
-0.000589334587353428649217357282453
-0.00512284690855342641352399013499
-0.000712728453120595119470170875076
-0.00160894292122849336991452506851
-0.000352358896549903046705592979393
-0.00181875474840847051356818031564
-0.000266130632710765129694818753592
-0.00115486921990341339511187968014
-0.000222439122861171570009683473579
-0.00179985035300202298597094241472
-0.000258003832726206325329926238865
9.7570922855626776615874517126e-12
-1.15090767067080835613917321664e-11
9.75383946031346079880191927097e-12
-1.15052392421606969788720022478e-11
1.06628407406431125039568149963e-11
-1.2577491101491942399251326536e-11
1.45798665664721243185088019728e-11
-1.71955704933605587706154599796e-11
1.43532832211773934622979006926e-11
-1.6932241646627154794067649312e-11
1.4795986236823191870548860219e-11
-1.74551071564117078543814320225e-11
2.03197667300995176751675620579e-11
-2.39755089544344099397346446864e-11
2.06282804844263476033011397777e-11
-2.43396422768290913935712584803e-11
2.11751860704996323155201775239e-11
-2.49851276348166564206154714693e-11
2.33091240288688164621062354971e-11
-2.75040433591744878891677503858e-11
2.83817811157089551920310784468e-11
-3.34916071335563514715693096248e-11
3.48624347830887120841798325242e-11
-4.11457914817864895926398966353e-11
4.2763070041254215638223143755e-11
-5.0478710968954983115402885516e-11
5.00598434522945776650633477084e-11
-5.91006030020754613209208095315e-11
5.74125539964945180659267628187e-11
-6.78098801238762855535780322561e-11
6.06737627183483778702415047056e-11
-7.16898924459962206507749519794e-11
2.17481919536172900226533316518e-10
-2.57841388955710273734386734265e-10
2.04356430504213913453770807576e-10
-2.42310001060628728308310812485e-10
1.14526654733153465592831978465e-10
-1.35756408542597083582006856902e-10
8.52540419989321454187841017701e-11
-1.01057598622469496460380903475e-10
8.3113031837234226597779856409e-11
-9.85197117464030207191876989286e-11
8.27670878526438627582127418236e-11
-9.8109640676956635517106669275e-11
1.17540706733122288809550508136e-10
-1.39328954740219504762967377129e-10
2.68203940794526147196560374175e-10
-3.18167945189655551917798992692e-10
6.47206707297493722920843513789e-10
-7.74840455297144311740237995328e-10
4.64404500608878297983419379698e-10
-5.66073149472228123797361482218e-10
4.58819277240935405702605571269e-11
-5.63211687500738679795330175023e-11
3.95431085898237828950858971291e-11
-4.85480513924020578090531331376e-11
3.06046116438665342464881938779e-11
-3.75766295034361120155407305383e-11
2.85665602557015470935143540551e-11
-3.50753273909612494785708251726e-11
2.48879080568720937517602282541e-11
-3.05607758553585044721760322268e-11
2.2919918901490645818934503492e-11
-2.81451458748774136169219836838e-11
2.23505102417725591013598806952e-11
-2.74463957508441941876911284314e-11
2.11246509196909086429432234647e-11
-2.5942521034443514122103774534e-11
2.45891881642284895206836281471e-11
-3.02247439045978399570532342758e-11
2.74492258891599420753393841668e-11
-3.3745265724783478621226901299e-11
3.97947557228806375752588665733e-11
-4.89348847850951504185677078246e-11
1.32090247710467625320012236027e-10
-1.62549826922020966888032444391e-10
1.14889308174762213705340989871e-09
-1.41695752412582939992022372988e-09
1.22189579102368993112401991067e-08
-1.51840425152015423042083173532e-08
2.8554813589650547855082566304e-08
-3.63748398566582572084456557223e-08
4.96042190161254350745026334753e-08
-6.99293016059096634002656498602e-08
5.00709501893198537174962026077e-08
-7.75849146469192912000458232577e-08
4.88833395058937635135499631851e-08
-8.16201281584028771500565683887e-08
5.13473422421400311033955210244e-08
-8.84182015442966147419378056781e-08
2.78300555724365846400094855542e-08
-1.03379197020898554779942170052e-07
1.37556555909032618291865039781e-08
-1.22832099773251308059737849261e-07
7.01244621634294913621799870949e-09
-1.6602831482800129184717859241e-07
6.67601773866206734307685605081e-09
-1.69166226274857843826500240769e-07
5.29280930780190573733502834163e-09
-1.78260107136197710297925472962e-07
3.66796833242220724793284453364e-09
-1.64742610636888807472237583607e-07
3.07863283747708215658361096474e-09
-1.5082456672230574722306649816e-07
3.13067577959090915016467635869e-09
-1.51152167370842855754914661921e-07
3.05713293336596354734500618588e-09
-1.59583890616587555083002265485e-07
2.84129141258088880636741806586e-09
-1.55812663187484061349429497953e-07
1.60355777221241075162396859507e-09
-9.02063552329924772083089186403e-08
1.41760572967515193776419372875e-09
-7.97278437368241377620315486416e-08
1.34131511251679400965203580934e-09
-7.54267651000954572348096492489e-08
1.23755875200877650839752688302e-09
-6.95896217365195442351355936857e-08
1.13847341258173407908658866593e-09
-6.40179205990245182246505201498e-08
1.13400619193485432553193494786e-09
-6.37667238312994216544661216749e-08
1.13356457290403617567194449029e-09
-6.37418918595545733911996583165e-08
1.27267340341265496323226403478e-09
-7.15611105255960967251005716387e-08
1.4434517504507054389350400705e-09
-8.1153969096422822739080840844e-08
2.73880982382369532162839418743e-09
-1.57152827968334086049560305645e-07
3.06484635702439035507179362937e-09
-2.03003179534614501685905519658e-07
3.49678713503036459598776539289e-09
-2.69796549554874153455824060954e-07
4.1362191677757012372205400175e-09
-3.55200402470545470064302662552e-07
5.22179019604749578213328463057e-09
-4.96361025988881205489534811232e-07
6.57271161685371092512956576743e-09
-7.50714304589903257355931222305e-07
6.72196491572938955606950718396e-09
-7.86359121834570283029206081565e-07
1.2368746406507557271401348065e-08
-1.76392834629583078519341615698e-06
9.58348450829627357462901408132e-09
-1.30907279779313241936981263708e-06
9.25231673622905740942852221946e-09
-1.2541635420009902735259199949e-06
8.81630779303890441371148369715e-09
-1.17656667746176511599913785955e-06
5.09475020143017963649004071201e-09
-4.28800470235291497952251609654e-07
5.38505874139445258223279683254e-09
-2.67134017341079995070985157388e-07
5.75294032677588552256725274716e-09
-2.11320647244700598941889854374e-07
5.85886766235226630061387078068e-09
-2.0415601570248809166799558272e-07
7.5388294558482264272837030804e-09
-1.30463527182351741929877990064e-07
6.12935866815922982641761784101e-08
-9.37205750148145295965891577415e-08
9.21423569392536592015201506872e-08
-1.2756424758660251575273221307e-07
1.92687317304037680734712023253e-07
-2.68305941375570747640363954492e-07
2.69723132779147374220145034346e-07
-3.87889129150804453678843750075e-07
3.67996267545742399090416985957e-07
-5.55879541371063377256777487956e-07
1.80635121299343049660547275669e-07
-6.938966166615485537660641506e-07
9.13917862582814089415599295013e-08
-9.10718417116398758043261611045e-07
5.02525172340589714922139884202e-09
-1.52702865210572148083436379989e-06
-5.05681820738979766843150225465e-09
-1.60902898999124029445794478027e-06
-5.37498030367064920125835911398e-09
-1.59110933440258383209271741965e-06
-7.06325877769178084427291670119e-09
-1.57959603436904282795089082825e-06
-2.30148393733895630116725698755e-08
-1.84226350617872299210615611581e-06
1.44200283701960013425660714773e-10
-1.71066754661518435617700243517e-06
2.15003121188581785980211606799e-08
-1.84626970209667632279702548931e-06
2.53389828573081785413656822573e-08
-1.6744684131491382542426989144e-06
2.08868500076573818443543867525e-08
-1.30552344434271647137686938461e-06
1.94615380114717551197376168865e-08
-1.21632126985671863604262805253e-06
1.92253572243114997577779454489e-08
-1.20153673534061927746655409899e-06
2.36936173081642981669820802008e-08
-1.48170211855951247717489132477e-06
4.50410679669896317828285063189e-08
-2.59237296097638431069398734508e-06
-2.85828249998967404463568755223e-09
-3.22147086355199725103649541214e-06
-1.54265895436933478217234050334e-07
-3.67951410363773079377123186029e-06
2.28872134883987190799681612531e-07
-4.22822823689464970909690846868e-06
4.36897854932084953669265640214e-07
-4.26744941634556541399433265971e-06
3.30618822123351072391975050482e-07
-3.98461723223714950456366551412e-06
1.37830441722620664249902974405e-07
-3.33218359378531149046645878919e-06
9.78065077327159118861929094891e-10
-1.87075571257111494307952357513e-06
2.58009078931035099970776018488e-08
-1.28753177441325617025671447513e-06
2.80725219649651183376310131616e-08
-1.31758544302555934620859411088e-06
1.02659736192642174902844550213e-07
-8.82034420880243001768445439831e-07
2.31133839882509104345916861947e-07
-6.38857236109174629361728749849e-07
4.60009418547039084059272189692e-07
-6.47434722900302423425754772685e-07
1.33303582347056705550145724176e-06
-1.67974075829073032314106127955e-06
4.38003103292604535650605138142e-06
-4.96279089112205770034126628421e-06
8.72301375037661993192602410963e-06
-5.87043324823842713005000309989e-06
6.1969181228367095238943919322e-06
-4.81771252251769208703891661516e-06
2.58167547132601266058303524087e-06
-3.7968384467546764231846503912e-06
1.02994170350602156572736821383e-06
-3.77068695080021621686807223317e-06
-2.92953147994807288023000986163e-07
-4.93827504570256619540998335727e-06
-1.07782384913926019568691382251e-07
-5.50705375877092400917949335803e-06
8.5834222349759507581185100783e-07
-3.97797166892168280850168235463e-06
1.01535798449720514270624288633e-05
-1.17228818151444765270413270186e-05
2.4305916433146751296423201949e-05
-1.98040119619884257397366550402e-05
4.41174639849471612027854983129e-05
-7.17295837275829857609303966126e-06
0.000127251404755498965723492510449
-2.73615858118170778300092330082e-06
8.86595149343937015493782860531e-05
-9.18940552507572991629714725947e-06
6.39816561108761425007152023881e-05
-1.21312865350150968500901257907e-05
5.50701681406080037180575392775e-05
-1.46949165217048929963240128105e-05
6.50376870084953205000330433982e-05
-2.19337581882841366849243303072e-05
8.11410376580468209765581444337e-05
-3.33245269900393089831415471824e-05
9.73595148811696694309686384017e-05
-4.49607135254256504944964101256e-05
0.000159588078706619378209843884697
-9.66788910116425312130800096e-05
0.000336594591083350189869571877921
-0.000250964454134869796760043403339
0.000568566958648187149687192043501
-0.000450586346236310400070051995769
0.000861649949557812401372547395084
-0.000287942922091163639591870904155
0.00150162567052177300941373516707
-0.000200198754457410997564803523119
0.00166583092776972072936170210511
5.45434141101881869956140291844e-05
0.000863523162559469621181451604031
1.6237725066897608925189921969e-05
0.000533719357168678520952909138941
2.88489792153904973665955874251e-06
0.000338425188087049569861386455472
-5.03685863370569383037867947084e-06
0.000149731875663747221851321289599
-5.54581074350399733140573599321e-06
1.8950047107349518544583757973e-06
-1.50212287877123087459973679869e-06
2.17299094980837619605449771883e-07
-2.42109059172046172315388799096e-07
2.34540496547468079322948907028e-07
-2.35841536332113769805057237536e-07
1.88536769675194498309219099698e-07
-1.85002432110298919700226553432e-07
1.28515715654909181611456332577e-07
-1.25879916804041127541383170499e-07
4.60212788655256699021324961942e-08
-4.49270369213807554349352911972e-08
4.39666232076503601113547353013e-08
-4.29214206668099050983557673968e-08
4.36505590894600530418334942331e-08
-4.26129182283775984417704897796e-08
4.3543786934610933454469064224e-08
-4.25087262112964242109052739795e-08
4.91730559547299379836999947985e-08
-4.80045356559640917617142819376e-08
5.78660070488023813511197987469e-08
-5.64984737408520098059892399107e-08
9.26179932214493958651720670675e-08
-9.0446695721000302380092490933e-08
9.64881154627254471965172241688e-08
-9.34582413991846742246875218152e-08
1.25190153057750121179912683456e-07
-1.20008617753646016151837690178e-07
8.77131757576063706959712410263e-08
-8.53101457099034854414490751037e-08
7.65611340528128114720583644905e-08
-7.583796166936332444047223246e-08
2.77429703280572693628344384731e-08
-2.80476723279091207040123335647e-08
2.57590935412336475176003951692e-08
-2.60023843217504282485092034424e-08
2.46896048481040179921810616588e-08
-2.49183321098336688764842458254e-08
2.46127625681334232927893924817e-08
-2.48408879211510111341697947711e-08
2.55138436596959232681080604254e-08
-2.57505591234823442030494477671e-08
2.89648372868532622206182738879e-08
-2.92238051864942531568605462756e-08
4.04982490449670267257702897887e-08
-4.06817617519515466224025977433e-08
4.70134516240475537632825776217e-08
-4.73665090804862772271953007177e-08
4.53145700818797643599744032119e-08
-4.65732166664624492372432848757e-08
3.67461331403984668427977605936e-08
-3.95890188766132407338716792979e-08
1.69583965563064930456723772246e-08
-1.89078677021760198495338716352e-08
2.56100252094006367989909928517e-09
-2.86780171396324268538582278286e-09
5.179153912841823345054861411e-10
-5.79795805013368304003879081642e-10
3.39890762477552889593938579654e-10
-3.8050587351483432002929601539e-10
3.224555642441570810468391679e-10
-3.6098806479172747625657331717e-10
1.26475093083681303540006677773e-10
-1.4156637705200691743715803245e-10
5.99200494642815182520437236876e-11
-6.70694850546447410913435849463e-11
2.98144062287798194032535477177e-11
-3.33715630929421050503098832439e-11
1.79080070856172025105741800102e-11
-2.00444417859758809311108408023e-11
1.5498202056383733167796051778e-11
-1.73470923091499151584629484578e-11
1.08450060551542506419387354398e-11
-1.2138703470191788074767742728e-11
9.47903733653048580256952789523e-12
-1.06097547120181927354818916168e-11
7.00433170170124119677483766659e-12
-7.83977229611961652287009154394e-12
7.22743862279125748433061478117e-12
-8.08949767853382350185394577743e-12
6.8539717336650250008561586921e-12
-7.67146486984071548118485436724e-12
6.20318867568192720074284411626e-12
-6.94302118210988868938185909595e-12
5.55670283754558940854202073376e-12
-6.21941534806084459980744172447e-12
4.70216664200318460746032896892e-12
-5.26295633433975962912047976654e-12
3.58202044376870019070689852297e-12
-4.00920667071084328841644076666e-12
2.55021360596060326640705428959e-12
-2.85434301671569393776856403463e-12
1.85646512597346483597260506945e-12
-2.07785564540757049115275473112e-12
1.55823183963801062520406650595e-12
-1.74405469043618492495032269204e-12
1.39689684601012100722586941669e-12
-1.5634790271019898932654353151e-12
1.41356700771558117343500430377e-12
-1.58213725326363523955418203498e-12
1.05770439651977968583918867988e-12
-1.18383359671725283193139487938e-12
8.97902615785867177751398754815e-13
-1.00497484608798367023065982556e-12
7.12404707331188032429731777103e-13
-7.97355645126533609760255357651e-13
7.09767872941549028696836635904e-13
-7.94404051845081329745626361397e-13
7.11408135343911657558142134941e-13
-7.96239612934617300454845896307e-13
7.47738443266825359146389299667e-13
-8.3690092020420393748068621434e-13
8.52538511247283702484850373172e-13
-9.54196957137383016710251004668e-13
1.28603650751376298925525962611e-12
-1.4393695717391533661636787132e-12
1.34438969032241165002357733573e-12
-1.50467888274447683229629678114e-12
1.43340908999767622820507194445e-12
-1.60430888594091602776495514421e-12
1.55431596815714301468458773446e-12
-1.73962777514809810372898351598e-12
1.59875547759584337372516115749e-12
-1.78936330669810414593116582197e-12
1.63567716559187464073707893103e-12
-1.83068565288513656768941215153e-12
1.88572406361805424110754209473e-12
-2.11053687386248592509769005011e-12
2.35934296959237179560714802276e-12
-2.64060344369260227420387286546e-12
2.36700957476101688384427629783e-12
-2.64916931993487273515891188301e-12
2.15623263509829956945853680167e-12
-2.41325751776368661921776726085e-12
2.13154291153572842629953436271e-12
-2.38562101130662865650166403208e-12
2.12596587429188262515550283731e-12
-2.37937660837400610920354947456e-12
2.11816439463615908038111034367e-12
-2.37064082893886378979163087455e-12
2.1329360493626655562843706584e-12
-2.38716343082203284636055927243e-12
2.04633578237519315900392566034e-12
-2.2902345037927061083805676719e-12
1.9049003100273583007270076088e-12
-2.1319398184266624472180999447e-12
1.73759048102664078293255345559e-12
-1.9446688075960869548225966952e-12
1.71273722287957949351427594362e-12
-1.91684922928748897183521987743e-12
1.76709558899607032989686798081e-12
-1.97767911843433306184464753153e-12
1.84355387223831451593374375491e-12
-2.06324346802691185264317755378e-12
2.65149983087879286968343117157e-12
-2.96744647478796532347765298766e-12
5.00304628747149867017778946841e-12
-5.59915940251006886651612728577e-12
1.61870861448983256499655964799e-11
-1.81152491162914080585179625167e-11
2.14703650873373821857547161808e-11
-2.40277434360654716435825758512e-11
2.41550125693426867767455602231e-11
-2.70321269740006496171271050936e-11
8.44447002350021996769432645323e-11
-9.45026899244669316093175737481e-11
1.30261330556589855703855052967e-10
-1.45771310161961703408135641191e-10
2.63774787754821503563203591593e-10
-2.95171637099554193401530887762e-10
4.66193425270625761010791972971e-10
-5.21659095923792347588524460764e-10
5.40969798506555681563245163371e-10
-6.05318112774643973345911808102e-10
9.96794704264487127780030895378e-10
-1.11529506029462806728031172099e-09
2.90192337769613449649226673375e-09
-3.24631769973092156399741182874e-09
1.02951904417412228296115832109e-08
-1.14942779260764166411208360256e-08
1.35350151729766247920607998099e-08
-1.52004153728297676833772455974e-08
1.05674410812461739718022549141e-08
-1.19365907998248625773607631295e-08
8.11465406608167152424602726161e-09
-9.20069733294836098750624355869e-09
7.55970020424433147327726681712e-09
-8.58330702400422228684865341795e-09
1.56148458704652002882501374997e-09
-1.81283439982774541847625718218e-09
9.56986093964810033444344703987e-10
-1.11411886143212133156814546271e-09
8.19387087615866292929064306053e-10
-9.5543434245455359789219605324e-10
7.80223736047861245179290642135e-10
-9.10300893642390239170070361484e-10
4.50902946825554216590047739222e-10
-5.27472842637421413240443856521e-10
2.79356105899006746403322848214e-10
-3.27515228666337496181065902935e-10
1.43766585702529196772270902795e-10
-1.6863030666290401544094239674e-10
1.15929476114142525313081460645e-10
-1.35979629429666888714858523757e-10
1.13034932174995202641390620249e-10
-1.32584470435595357118694008521e-10
1.13373553523079998004081727994e-10
-1.32981656784899212901364501869e-10
1.21618445147200605805018178805e-10
-1.42652379302665363406661103897e-10
1.54789337392048572672108144039e-10
-1.81557674398306909410953696402e-10
2.26605431228482057152673774548e-10
-2.65755193974822147009977414608e-10
7.07343864225051124288941517517e-11
-8.32761968889023970241675335881e-11
3.35133251548421450277749791335e-11
-3.94690316894323804050315088692e-11
1.75761499315084076546924799983e-11
-2.07088730550476105205766322347e-11
1.6573456389531763468171319479e-11
-1.9541288225137493750961263427e-11
2.06695426860740392519520149117e-06
-2.15455334738932551016487963735e-06
3.860525853624547254917126482e-05
-7.46855154146291984009657996535e-06
1.0876825366416184232075219096e-05
-7.2641248748079972864192394022e-06
9.04604515293592288584928473583e-06
-5.52114073253501683391985740967e-06
2.38435492091536981124825882172e-06
-2.58451262922231052762667667666e-06
1.6277824125552989675786786164e-06
-2.34203095469771928427795727734e-06
1.64457871567068436417270727024e-06
-2.87037680401581940392986662391e-06
2.84817492208575121284559776707e-10
-3.36490492700723559594089320373e-10
6.05850293861099581568832517697e-11
-7.44252211733692199627737957592e-11
1.35279089127310357406369536841e-07
-1.51991270248415044401225828391e-07
0.000287180329385590036271602709661
-6.44197240041310828853604597555e-05
1.74409242274037786813103585783e-10
-2.06759082062461692721067322876e-10
2.234136134069859215187624224e-05
-4.41145553786574305226960215909e-06
1.30623522634009403101965927608e-11
-1.54069830255330443745403723414e-11
1.44980115982841099984738350732e-12
-1.62269263067446034111296682174e-12
3.26179152487345318828320112211e-09
-1.78890608688691881448669623693e-07
3.22783025828072487569338210078e-09
-1.56173421814341786871218773977e-07
4.1716884484866104276455913967e-11
-5.12233016015701161982556815144e-11
-9.51167639526806912137275775831e-09
-1.72098323336696428980188439822e-06
1.05720281142569278434269045007e-11
-1.24703399344191523975984232152e-11
5.91563050668640578625003015663e-11
-6.97932692263858327649304054719e-11
1.00519495629992963418797129621e-11
-1.1856885188836111993112936162e-11
8.60573208490446177732987215496e-09
-1.12280701192813549538749868378e-06
5.26002130078861228205714157418e-09
-2.10720846027063465597965524409e-07
1.4308906604459962761993936653e-05
-3.34317256746117400935500336978e-06
1.01637159450330845955373822165e-06
-1.22749265749806854688746735049e-06
5.54309200353692595306023122026e-06
-2.64182617180149562866476459222e-06
9.76446986313398988964651144797e-11
-1.15745087642011994952931149892e-10
3.76391814217843551458740493745e-11
-4.44185190386510011137444066868e-11
1.50947525327496642772935217888e-10
-1.78936006086217693936114646715e-10
1.16525670025288758961756510729e-12
-1.30421009943706725305815527304e-12
2.5402995927665403702886060308e-12
-2.84306644200548627478717433175e-12
1.63646877971470190874178842663e-11
-1.93069509043948880980009176201e-11
2.52454373003599885122341228011e-07
-2.382655737065515374453663483e-07
4.7514246865380872536684109253e-05
-5.6085062815251358452886196182e-06
8.00373757216380103805289825771e-12
-8.95827350297209301677678717424e-12
1.06973375357773202077933180457e-10
-1.19718253994890545554520964394e-10
1.96390868897723573707183228897e-10
-2.30339800690916943804106685585e-10
1.06532046624009432535103478798e-12
-1.19234438143115684672733186413e-12
4.33355074882089834078965952274e-12
-4.8501177641781017304713960967e-12
1.17308477581881269468888203566e-12
-1.31295396528928537746071603919e-12
0.000163950384886765065028599308583
-2.31333140012311243153327738886e-05
1.28559337038107067490379348241e-08
-1.49382204846039522562045474179e-08
1.75047439236921549857213709701e-11
-1.95929208011297604339759300302e-11
2.79819930727567057265778456471e-12
-3.13183910091995893222711739639e-12
3.94619906922693899620880426601e-07
-5.00882342193653802171478088556e-07
9.03824752471299172252645538585e-11
-1.06944191434185556098365730215e-10
7.18954912519563279727711612582e-07
-6.54394247229564377343175550494e-07
1.17644448490786401771227884754e-09
-1.37677465276612074029496525875e-09
1.85109099252281735407262781008e-10
-2.07181563067903546964645387838e-10
1.37988024648517952647800914529e-10
-1.62477803069704825901476369554e-10
1.93667692749136463308278462492e-12
-2.16746831040214323154491334112e-12
2.38861287114949854384972333574e-11
-2.81615033460820653152187878553e-11
1.52127435721164989780409780433e-12
-1.70266067032396407516391834671e-12
1.13466262890391258041023621211e-10
-1.3917477189943925009142960403e-10
1.80250325260487477153572806098e-11
-2.12630603129196292218013782726e-11
1.87477350126089671039113363859e-11
-2.30308209604224538561533091658e-11
2.2997027745084091185328496495e-11
-2.82602695970854566516370586571e-11
0.000120924269711613282542693459387
-4.22151028866441928614691714294e-05
1.56870253886725965911108828423e-11
-1.75561327613253730509700754497e-11
2.72968623216936518576821953298e-11
-3.05516177240831120216220791566e-11
8.77741294067297609781536094076e-05
4.5095661368615671521346312256e-06
8.53702099617202283697234288518e-05
-1.85091960462943367657460014969e-06
0.00011142556890594906761782906246
-2.42275560928993062009156357617e-06
6.41057086771270017832441423522e-05
-3.16456068531968098670771605274e-06
0.000111072759096717256998253231526
-2.29153980120477620734738711389e-07
6.70057367096705625356123370295e-05
-1.83032745791992801263567153952e-06
2.4551105811620620498038694568e-05
-4.86764322496905469257180362752e-06
5.27138045335378297714468490143e-06
-2.79661129631781982726452910615e-06
9.95859515849070931663503114528e-06
-2.82083162338726494460980874501e-06
9.54016911006774962866576472731e-06
-2.8315796154042362907539680944e-06
1.55054659887207190534143957938e-05
-3.49205082689024360909644043027e-06
5.51333875389859065605391991172e-06
-2.32213397615033243878593198495e-06
4.41666829167793777836012358482e-10
-5.24308007348266835346408540276e-10
5.40445986638119360290829950097e-10
-6.35123892861615337784668174472e-10
3.3163970912758980398541162676e-08
-3.81848875900127053654252288518e-08
2.83252544380811906883260210561e-08
-3.15143335252719879200023140112e-08
1.80265650108903458075364657082e-08
-2.04940487629826257539957971377e-08
3.10545200195746086050565504155e-10
-3.81896240875289742362123931812e-10
6.35697742372521304587174129455e-09
-7.40617529909000528029176276109e-09
1.66070856174669065221292208823e-10
-2.03360026654720678026137082842e-10
8.92748175832158022772641781099e-11
-1.09500814432667315541546525692e-10
1.26575379840659202804580755778e-10
-1.55119506009579774754154931883e-10
3.36799890401021649717690027492e-10
-4.12633153798968330433294768599e-10
8.39577244972775149920342843278e-10
-9.94533710379358533968132415374e-10
1.69477756811927681395338692358e-09
-2.05832951615094311110480408385e-09
1.93891753900835433573940847689e-09
-2.29960648604781040194780128048e-09
1.11728922661213937952902560839e-09
-1.3429792407942192998883434215e-09
1.30925994301798751784868556541e-09
-1.54514555481043060827038933589e-09
1.50297393066838159396477844148e-10
-1.84596325200264645425997359608e-10
8.95115352674885972071878766906e-11
-1.100857343973837547516327232e-10
2.69142860695673561962827815527e-10
-3.30386339597723885868018318829e-10
3.31062880692077637614239019254e-09
-3.81411398463232860228138399968e-09
5.36949988418748025564084788491e-09
-6.43857329599563627881867467211e-09
6.85914889856120131659670734002e-10
-8.30628790711454469215724269628e-10
7.45687171359358782359180030472e-10
-9.06918736523685565726906907609e-10
4.9256553729938679167292542096e-10
-6.0161819118031997930769441056e-10
3.0059245487133373072539920284e-10
-3.67585805590287144555010083767e-10
8.56319303046934448409935776707e-10
-1.03592052306265288213586535826e-09
1.8743394543927606264709558048e-09
-2.25407959493503870549980012028e-09
3.43352114376225819780692248106e-09
-4.06272774934644686942806826569e-09
6.99368158746290193818740646599e-08
-8.69716523325741205829912889094e-08
5.9891422853568890647981391457e-08
-6.62405345488155108367038558306e-08
6.37877217411547905983194416829e-08
-7.50342000210930324801818593929e-08
3.50525230463394848618574736396e-08
-4.26176958354009782140393370383e-08
1.12161438337776021740003118323e-07
-1.35455542940777999409186771462e-07
3.67986354748924384149938066903e-09
-4.26802031244350998324873234027e-09
5.54919481736255313538031476894e-09
-6.37679317950398979013739694582e-09
2.28557397466841144056965489067e-09
-2.64994563258627376774328207425e-09
1.5175044336358956134937229357e-09
-1.76544462593625666172602850762e-09
1.96656966192596132458665178391e-09
-2.30233902486811869906096048217e-09
1.23661760961855033321364300892e-09
-1.51989240261057513814358796639e-09
1.06195843485293543359592845563e-09
-1.29750339009088535495160402009e-09
3.96470507953617279722545013845e-10
-4.88377948385606995328022647595e-10
6.16485619258603846243818601846e-10
-7.59473866944158385907716153824e-10
2.18957920470500100259531311709e-10
-2.69486891573806363331428410601e-10
1.09794565100403035618445806679e-08
-1.32151418956021173728286965498e-08
4.53503925947826362263073419773e-08
-5.88350542949670687237521352758e-08
3.58101343916425501147705155063e-09
-4.38929577291074776983860594574e-09
3.24282943365583204694482567798e-09
-3.9284126955633982923650373946e-09
2.86683858127542428537946669746e-09
-3.53904708142323736167846272478e-09
2.15048746108172884227179965776e-08
-2.64101169709649584398877288343e-08
5.522727678532585128630263731e-10
-6.7797469838096087156398255531e-10
2.11578216760855742172275353527e-08
-2.47623749092920298906585929071e-08
7.44531629131411072331739245801e-10
-8.97374054821585666111308409511e-10
8.27804080863829835170605854456e-10
-9.94484968025217000386491908567e-10
7.85408200582951840213975585968e-10
-9.47579830007605529611248103869e-10
3.06430043199280695851569240352e-08
-3.83378325304769635594732523753e-08
1.4291609322205054135807166687e-08
-1.75272377902029175721729546472e-08
4.01589069971300864286130845719e-10
-4.93410309991169630548364476294e-10
2.40633342241351607241510375838e-08
-2.76051132121298205549848490611e-08
1.49332561924689285428744162706e-08
-1.77012459398658817267837542898e-08
3.02206989203419476009606216109e-08
-3.5786781570742996909874122707e-08
4.2798747124760614758820086341e-08
-5.67348336593119846428599599431e-08
4.42181140926137189466323239187e-10
-5.26688531548400251783520732111e-10
2.95582041024221151213014085221e-10
-3.61451156354690805534961783605e-10
8.56084553396325331080807449893e-10
-1.04968662239211137038262161895e-09
6.7789679370352590935113366394e-10
-8.28920534123247252125091672083e-10
7.65815362948896358622157276585e-10
-9.42484510163080174355273229293e-10
1.27940996909729087073363098728e-09
-1.57739823603552801944294119011e-09
4.9948411361958294520232253452e-10
-6.14813671546715229397518936457e-10
1.70502697019021659298370517048e-09
-2.10049609244307761800574434836e-09
5.24070304909443001155304990438e-10
-6.4210408603489133564853685049e-10
4.99585599979386919677972102175e-09
-6.16458453526547892735784408571e-09
3.24628374707177239935778387085e-09
-4.01243707740781827950385748536e-09
5.37311457507526607231784472954e-09
-6.6498020052402840455504325404e-09
1.97733830508664749547357048919e-09
-2.44135413842094559545247568603e-09
5.49282588771940022386626394199e-09
-6.79896893873063880053922661425e-09
8.40272170538284623478197834893e-09
-1.042525328343364728675740676e-08
4.28218630668050639456718599167e-09
-5.29704664060118695744984365203e-09
2.04869764022036612667370460454e-08
-2.55915384094003222442293424754e-08
7.04551535905210881221663699416e-09
-8.6069748964003937140734119219e-09
7.57397896076405128220993895815e-09
-9.13226521179498389857494430009e-09
2.07228946565412979733266805784e-08
-2.60626904769044411165460523342e-08