  -0.0170712
   -0.104969
    0.134337
    0.021455
    0.230012
   -0.115281
   -0.754648
    -1.63852
   -0.956292
    -1.71567
  -0.0687522
   -0.446973
   0.0885604
   -0.317776
   0.0663236
   0.0218583
   -0.180951
   -0.971222
    0.127082
  -0.0625335
   -0.461335
    -1.49781
  -0.0771817
   -0.391671
   0.0809664
   -0.286315
  -0.0256721
   -0.273803
   -0.324318
   -0.677785
   -0.194174
   -0.516208
    -0.35038
    -4.06314
  -0.0833611
  0.00126919
    -0.05026
    0.206446
  -0.0882773
    0.147212
  -0.0617947
    0.031222
  -0.0348491
   -0.299651
   0.0153979
   -0.505261
   0.0920551
    -1.28139
   -0.177817
    -1.82207
   -0.400493
    -1.51941
   -0.246824
   0.0123322
    -0.16279
   -0.546464
   -0.123974
   -0.223188
   -0.177522
   0.0859896
    -1.49812
    -3.27887
   -0.157664
   -0.143669
   -0.239745
 -0.00865128
    -1.00742
    -1.24333
   -0.887033
    -1.38171
    -1.37021
    -4.29695
    -1.01487
    -4.64524
   -0.593018
    -5.47721
    0.406778
    -2.72381
    0.431497
    -1.39113
    0.115613
    -1.28414
    0.518119
    -2.74127
    0.796004
    -2.18441
    0.258194
   -0.131601
    0.455761
   -0.322957
    0.822409
    -1.55633
    0.454612
   -0.746069
 -0.00758725
    0.153893
    0.128385
    -1.07334
   0.0317913
   -0.424302
  -0.0573351
   -0.285093
   -0.133086
   0.0438745
  -0.0567447
   -0.310074
  -0.0133618
   -0.583625
  -0.0503352
   -0.215608
   0.0241344
   -0.479328
  -0.0482449
   0.0396981
  -0.0816928
    -0.33978
   0.0303426
   -0.244145
  -0.0661805
  -0.0758692
      -0.143
  -0.0620934
  -0.0212763
   -0.710402
   0.0829194
   -0.706929
    0.186507
    -1.02012
    0.093145
    -1.54153
  -0.0235727
    -0.97588
    0.269051
    -2.01659
    0.254784
    -0.67981
    0.221132
   -0.432784
   0.0528835
   -0.460331
    0.130598
   -0.409886
    0.338306
   -0.489098
    0.241566
   -0.176331
    0.058206
  -0.0743973
  -0.0553712
  -0.0586207
    0.495462
    -2.61575
    0.216817
   -0.353767
     0.11214
   -0.518966
   0.0923049
   -0.322867
    0.989188
    -4.09946
    0.801473
    -3.46163
      5.3308
    -11.5629
     1.28015
    -2.99578
      1.1352
    -2.20166
    0.942062
    -1.70459
    0.163563
   -0.301089
    0.326759
   -0.246818
    0.327668
   -0.369692
    0.240211
   -0.333606
    0.118636
   0.0362624
  -0.0595596
   -0.143071
     1.38799
    -3.26101
     1.76277
    -3.88119
     0.53398
    -1.35414
    0.362736
    -1.76685
  -0.0391974
   -0.552647
   -0.124256
   0.0638002
   0.0663441
   -0.710049
    0.458847
    -2.59854
      1.5524
    -6.15491
     1.84564
    -5.58938
     1.61049
    -4.55843
    0.365884
    -1.05608
   0.0858169
  -0.0781262
    0.219771
  -0.0700028
     1.30831
    -1.50526
      1.5998
    -3.04979
     0.24826
   -0.606794
    0.937527
     -1.3236
    0.460296
    -1.09239
    0.773934
   -0.981947
     1.77076
    -1.97603
     2.51235
    -3.53792
    0.712745
    -1.50036
    0.730721
   -0.839916
      2.1486
    -2.82033
     3.34274
    -5.67724
    0.405824
    -1.37266
   -0.133806
   -0.370722
    0.449704
    -1.01536
      3.4601
    -6.14827
      6.3385
    -8.40292
     1.39913
    -1.96432
    0.296816
   -0.612736
     1.30582
     -2.3902
     2.38429
    -3.62888
     2.77995
    -3.36277
     7.11896
    -7.14365
     3.47096
    -3.02662
     2.78089
    -2.12235
     2.73739
    -1.83152
     3.86853
    -2.21013
     3.86932
    -1.98474
     7.26597
    -4.38831
     4.09828
    -2.46315
     3.15106
    -2.34394
     2.52645
    -2.46762
     3.50886
      -4.057
     1.06018
    -1.74713
    0.958529
    -1.81105
     1.03897
    -1.56766
     1.83004
    -1.21273
     1.31318
   -0.551949
    0.913446
   -0.715418
     1.06009
   -0.872497
     2.03591
    -1.57426
     1.54429
   -0.898334
    0.268823
  -0.0100117
    0.069665
   0.0651006
   0.0688689
  -0.0879542
     1.52796
    -1.14678
 -0.00394408
   -0.115492
     2.50465
    -2.56394
    0.179185
  -0.0835754
     1.81208
    -2.04597
    0.274846
   -0.106123
     4.90632
    -6.78902
    0.994862
    -1.00601
    0.361238
   -0.464353
    0.285863
   -0.237762
   0.0840524
   0.0643172
   0.0477975
   0.0783432
   0.0899986
    0.102687
    0.329025
   -0.477091
     0.17289
   -0.325297
    0.874048
    -1.60465
    0.536513
   -0.962747
     0.94918
    -1.62567
     1.44929
    -2.21123
     1.73049
    -2.02883
   0.0956456
   -0.129908
     1.30297
    -1.24128
     1.63902
    -1.63301
     2.61553
     -2.7675
    0.825693
    -1.52615
    0.623937
    -1.14709
    0.837039
    -1.26017
     1.07335
    -1.33392
     1.94496
    -1.94403
    0.193781
   -0.327926
    0.493203
   -0.310431
    0.186834
  -0.0745461
      2.8653
    -2.04713
    0.578925
    -0.58023
    0.139826
   -0.250504
     3.51022
    -2.54318
  0.00892657
   -0.296338
     3.93862
    -2.58901
    0.493047
   -0.404776
  -0.0817129
  0.00832092
   0.0550516
   -0.338512
    0.744083
   -0.929296
    0.655809
   -0.879967
     2.16577
    -1.81917
    0.124862
   -0.167396
    0.610588
   -0.250843
     2.32277
    -1.17045
      3.2921
    -1.60302
    0.267308
   0.0280117
     1.04627
   -0.359938
    0.168152
   0.0561277
    0.943799
   -0.355454
     0.15263
  -0.0331189
    0.194881
   0.0920142
     1.72123
   -0.517099
      1.6892
   -0.608892
      1.8895
   -0.954299
    0.325567
   -0.265893
    0.190676
   0.0145679
     1.13637
   -0.388999
     0.17396
  0.00780231
    0.500853
  -0.0857362
     1.72803
   -0.798399
     1.07273
   -0.311236
     3.37789
   -0.726716
    0.795665
   -0.148853
     0.96141
  -0.0349065
     1.44938
    0.179215
     2.31824
    0.393474
     15.1304
    -1.89863
     5.77689
   -0.206741
  -0.0108035
    0.212847
      3.4719
    -1.56276
     3.18608
    -2.39775
   0.0628872
   -0.089403
    0.283032
   -0.291748
    0.952538
   -0.657686
  -0.0328773
    0.143898
    0.933432
   -0.731278
    0.663376
   -0.834217
    0.109255
   -0.420631
   0.0205383
   -0.203906
    0.857451
    -1.50284
   0.0204497
   0.0983841
    0.401016
   -0.764726
    0.145785
   -0.287956
  0.00125572
   -0.631471
  -0.0619847
   0.0730561
  -0.0436841
    -1.28239
   -0.123351
   -0.567704
   -0.254846
    -2.56063
  0.00866941
   -0.561321
   0.0621672
    -0.41812
   0.0606859
  -0.0959376
    0.016681
   0.0966144
  -0.0507201
    0.164991
  -0.0249859
    0.243796
   -0.376314
   -0.601354
    -1.12637
    -2.52931
    -1.32341
    -2.72671
    -1.80666
    -1.87713
    -2.35192
    -2.87023
    0.427262
   -0.591765
     1.30015
    -1.20272
      2.8256
    -2.55576
    0.490827
  -0.0531765
    0.523439
   -0.371997
     0.71028
    -0.61264
    0.490768
   -0.332244
   -0.405148
     -4.5888
    -2.37761
    -9.35516
     7.79177
    -13.4578
     13.6864
    -12.5335
    0.198075
   -0.393838
    0.949431
   -0.435958
   -0.772773
   -0.462381
    0.267084
   -0.186851
    0.473619
    -3.29256
   0.0512069
   -0.323438
    -1.80942
    -5.91055
    0.228321
   -0.379156
   -0.283922
   -0.337247
    -1.69928
    -6.58003
   -0.186145
   -0.283276
    0.269523
    -1.01791
    0.294145
    -1.91033
    0.292272
   -0.776305
     5.84703
    -7.63948
   0.0838253
   -0.464446
  -0.0118591
   -0.638585
   -0.386919
     -1.4033
  -0.0458305
   0.0904377
     5.62937
    -3.43365
     15.4822
    -5.61731
   -0.259419
    -1.74653
     5.60935
    -6.75591
    0.629823
   -0.178729
     9.08706
    -6.12898
     4.52946
    -2.80102
   0.0424293
   -0.425642
     1.59257
   -0.653573
     12.8394
    -5.58811
     1.31516
   -0.513344
     13.5556
    -13.7987
    0.909771
      -2.794
     8.80647
    -7.17302
     13.8203
    -7.03999
      8.7774
    -14.1613
   -0.779726
    -4.88639
     4.89682
    -5.76448
    0.277384
    -2.99896
     2.64938
    -1.80075
      -1.533
    -7.94631
     7.54863
    -1.89162
    -2.57781
    -6.49352
     7.30681
    -3.65894
    -1.19592
    -5.49345
    -1.55558
    -4.12491
    -3.72245
    -7.26664
    -2.73945
    -7.65855
      16.477
    -14.7108
     25.2854
    -10.7647
     19.2705
    -12.0679
    0.030744
   -0.492125
    0.244957
  -0.0980272
    0.204978
   -0.079229
    0.254532
  -0.0923794
    0.136123
   -0.232159
     0.16195
   -0.205136
   0.0699711
   -0.642069
    0.760885
   -0.366996
    0.469212
    -0.12868
    0.177428
   -0.547603
    0.394572
   -0.039886
    0.555652
    -0.21832
    -0.18308
    -3.01827
   -0.106859
    -4.78553
     0.88223
     -2.1343
     1.00988
    -2.20507
    0.703823
    -1.84075
    -0.33002
    -3.81471
     1.21054
    -4.29667
   -0.508978
    -1.52515
    -0.49577
   -0.630597
  -0.0990118
   -0.465425
   -0.432941
    -4.50666
    0.161954
    -3.64623
    0.561273
    -4.52175
    0.345473
    -2.16506
    0.512148
    -3.59042
    0.208458
    -1.99726
   -0.774661
     -4.5452
    -2.35743
    -12.4798
    -0.34655
     -3.1763
    0.485506
   -0.751679
    0.487411
    -2.16021
   -0.324631
    -1.13179
   0.0421229
    -4.19879
   -0.156779
    -2.86828
   -0.285846
    -2.23581
   0.0721023
    -2.29943
    0.425529
    -2.60348
    0.781131
    -3.62613
     2.19921
    -4.99509
     3.07785
    -5.80155
     1.94636
    -4.24135
     1.02787
    -2.94263
     3.73954
    -7.31443
    0.556186
    -2.39852
    0.385333
    -1.30769
    0.298599
    -1.60091
    0.205406
    -1.47508
    0.399018
    -2.48132
    0.155022
    -3.08308
    0.176208
    -3.67061
-0.000402074
     -3.5623
  -0.0597538
     -3.6025
   -0.487166
    -4.76278
    0.580562
    -2.17247
     1.85685
    -5.08932
    0.777386
    -4.54006
    0.622974
    -3.36563
    0.223611
    -1.67475
    0.585231
    -2.05485
  -0.0745332
    -2.37969
      0.5933
    -1.67976
  -0.0408245
   -0.325507
    0.120421
    -1.28473
   0.0788617
   -0.999774
    0.404148
    -1.32484
    0.410289
    -1.56403
   -0.101622
    -1.40528
    0.373554
   -0.965377
    0.415178
    -1.36888
     0.73342
    -1.97052
  -0.0635238
    -1.13669
   0.0537582
   -0.907228
   -0.125295
    0.312821
  0.00536542
    -1.36799
  -0.0231749
    -1.63896
 -0.00328262
    -2.60577
    0.115416
    -2.23833
  -0.0738146
    -1.90525
    0.213298
    -2.56649
  -0.0581262
    -1.34737
    0.470507
    -2.18233
    0.375245
    -1.10894
    0.152513
   -0.582066
   0.0804543
    -1.11041
    0.256608
   -0.404241
   0.0717527
   -0.281779
     0.05712
   -0.333326
    0.171239
   -0.868173
    0.672503
    -2.85061
    0.292855
    -1.23856
   0.0186805
   -0.318598
  -0.0188954
   0.0849907
   -0.184495
   -0.159726
   -0.397763
   -0.425098
   -0.971515
   0.0822013
   -0.992186
     0.44035
   -0.364563
   0.0601013
   -0.284636
  -0.0950555
  0.00730046
  -0.0782484
   -0.590437
   -0.169939
  -0.0837243
   -0.149284
   -0.906867
   -0.218533
   -0.301114
 -0.00958892
    -0.21892
   -0.146737
   -0.174266
  -0.0711975
   -0.368266
   0.0350519
   -0.389289
    0.113225
    -2.62161
     -1.0787
  -0.0950305
    0.133241
    -0.19998
    0.345792
   -0.217215
    0.285475
  -0.0733594
   0.0361739
   -0.075693
   -0.236902
  -0.0356676
   -0.399668
   -0.771047
   -0.481206
    -1.05859
   -0.418234
    -1.72572
  -0.0709285
   -0.428021
    0.209382
   -0.671301
   -0.124869
   -0.369955
   0.0669211
   -0.241299
    0.153642
    -4.02289
    -1.22622
   -0.281292
   0.0657388
    -0.27073
    0.109919
     -1.8396
   -0.395346
    -1.63592
   -0.761737
    -3.89661
    -2.48161
    -3.61001
    -3.04323
    -3.32709
    -3.59128
    -1.27885
    -1.82633
   -0.660554
    -0.74141
   -0.718232
   -0.262498
    -1.76726
   -0.917741
    -1.19345
   -0.414177
   -0.361838
  -0.0212819
    -1.04372
    -0.32129
    -2.19041
   -0.915822
    -1.39294
   -0.436766
   -0.241922
    0.147455
    -1.29035
   -0.837053
   -0.732799
   -0.279032
   -0.565247
   -0.111941
  -0.0529811
    0.122297
   -0.333755
   -0.124871
   -0.670185
   -0.345862
    -0.23869
   -0.241286
   -0.491254
   -0.496876
    0.046628
 -0.00647438
   -0.303632
   -0.119853
   -0.238817
   -0.255261
  -0.0704086
  -0.0548767
  -0.0730529
    0.119665
   -0.705612
   -0.255317
    -0.66532
   -0.335689
   -0.993832
   -0.536969
    -1.58999
   -0.967931
   -0.914716
   -0.669478
    -1.67973
    -1.53925
   -0.347109
    -0.62742
   -0.121013
   -0.418007
   -0.335995
   -0.385222
    -0.14234
   -0.371558
  -0.0409819
   -0.457657
   -0.010262
   -0.157397
   -0.100663
  -0.0140813
   -0.432358
   0.0515824
    -2.46922
    -1.95659
  -0.0595352
   -0.297161
   -0.408878
   -0.422294
   0.0240321
   -0.272502
    -2.21016
    -3.03065
    -1.45042
    -2.02136
    -8.84819
    -7.16663
    -2.46559
    -1.41692
    -1.88601
    -1.23105
    -1.70345
     -1.0212
   -0.647158
  -0.0719129
   -0.871115
   -0.123344
    -1.00857
   -0.393407
   -0.262278
   -0.287205
   0.0322903
   0.0195339
   -0.401452
  -0.0460035
    -3.53278
    -3.13312
    -3.83925
    -3.54161
    -1.39632
    -1.29412
    -1.73436
    -1.24417
   -0.558962
   -0.334651
   0.0832789
   0.0878047
   -0.719479
   -0.177371
     -2.5949
    -1.13577
    -6.16265
    -3.47106
    -5.65008
    -3.59889
    -4.46486
    -3.22308
    -1.04546
   -0.651992
  -0.0679265
  -0.0987989
  -0.0604787
   -0.258381
    -1.44351
    -1.97505
    -2.47028
    -3.29824
  -0.0787261
    -0.38152
    -1.04285
    -1.09342
   -0.388889
   -0.903717
   -0.394372
   -0.914678
    -1.74423
    -1.94391
    -2.70037
    -2.96269
   -0.870412
   -0.273123
    -1.28927
   -0.183552
    -4.18851
     -2.6092
    -7.32356
    -5.50358
    -2.35052
    -1.51403
   -0.588795
   -0.436653
    -0.62083
    -1.02697
    -3.94577
    -5.69588
    -5.90048
    -7.67237
    -1.10054
    -1.76594
   -0.378539
   -0.609685
    -1.49181
    -1.21713
    -2.70529
    -1.80796
    -2.74071
    -2.15221
    -6.43086
    -6.09405
    -3.03672
    -2.87545
    -2.37234
    -2.63523
    -1.99505
    -2.80585
    -2.37849
    -3.85552
    -2.25616
    -4.00902
    -4.17332
     -8.0199
    -2.02276
    -5.04286
    -1.59658
    -4.01177
    -1.46879
     -3.2021
    -2.63142
    -4.13924
    -1.00251
    -1.24017
    -1.05059
   -0.957252
   -0.898463
   -0.758454
    -1.44434
    -2.26206
   -0.855865
    -1.62453
   -0.617128
    -1.40226
   -0.806876
     -1.6363
   -0.978707
    -2.89293
   -0.146799
    -1.86009
    0.134631
   -0.202182
   0.0742674
     0.01878
   -0.208606
   -0.158526
   -0.948182
    -2.15438
     -0.3904
   -0.136078
    -2.45737
     -4.3667
   0.0582531
   -0.519962
    -1.48229
    -3.26534
   0.0172501
   -0.719673
    -4.80301
    -8.57241
   -0.876165
    -1.58434
   -0.238253
   -0.610071
  -0.0796438
   -0.390291
   0.0870583
  -0.0570605
    0.033721
  -0.0311951
   0.0523559
   -0.158195
   -0.236746
    -1.04275
  -0.0401612
    -0.72585
   -0.732604
    -2.31256
   -0.317011
    -1.57174
   -0.174114
    -2.15576
    0.210188
    -2.11956
   -0.156685
    -1.85142
   0.0919065
  -0.0983228
   -0.559652
    -1.15125
   -0.755904
    -1.69967
    -1.44435
    -2.85852
   -0.844603
    -1.60225
   -0.341075
     -1.1844
   -0.130787
    -1.23984
  -0.0531002
     -1.2339
   0.0549616
    -1.92777
   0.0994643
   -0.316406
    0.104882
   -0.280352
    0.141866
  -0.0911449
    0.225338
    -1.95111
   0.0281085
   -0.590253
   0.0289532
   -0.256486
    0.426715
    -2.60872
  -0.0289222
   -0.301911
     0.61089
    -2.68744
  -0.0425713
   -0.458326
   -0.119247
  -0.0506748
    0.048588
   -0.345696
    0.172837
   -0.945749
    0.170871
   -0.902886
    0.659957
    -1.68323
    0.118657
   -0.140312
    0.380753
   -0.151484
     0.87586
   -0.964697
     1.07912
    -1.36145
     0.15129
   0.0759851
    0.287453
   -0.311279
   0.0742714
    0.087038
    0.244684
   -0.328507
     0.11329
  -0.0012879
   0.0138168
    0.100831
    0.335063
   -0.526276
    0.362197
   -0.601458
    0.378695
   -0.924639
    0.122777
    -0.27411
     0.14941
  0.00758389
    0.318112
   -0.394876
    0.126978
   0.0151359
    0.183934
  -0.0868929
    0.371022
   -0.804742
    0.542815
   -0.316996
     1.09069
   -0.746563
    0.354775
   -0.144506
    0.428949
  -0.0265282
    0.464029
    0.154005
    0.378771
    0.332943
    0.313333
    -1.89116
    -2.11665
   -0.524349
   -0.218991
    0.183827
    -2.80136
    -2.01866
     -2.1763
    -2.60163
    -0.29665
  -0.0899369
   -0.515335
   -0.312348
   -0.577299
   -0.546704
    -0.23281
   0.0716564
    -1.39342
   -0.979647
    -1.56871
    -1.21797
   -0.846206
   -0.540553
   -0.393783
   -0.407796
   -0.786235
    -1.82503
    0.106111
   -0.138779
   -0.222873
    -1.10996
     0.16872
   -0.815267
  -0.0718117
   -0.626966
   0.0886507
   0.0438786
     -0.4269
   -0.883373
  -0.0168377
   -0.442641
    -1.07028
    -1.32895
      -0.402
     -0.2563
   -0.317321
   -0.223866
  -0.0368117
   -0.103528
    0.114248
   0.0207706
    0.236108
   0.0584284
    0.285905
    0.173105
   0.0665756
    -0.35813
   -0.702793
    -0.83354
    -0.82906
   -0.766964
   -0.446332
    0.361755
    -1.28898
    0.902019
   -0.412187
   -0.511674
    -1.17517
    -0.47271
    -2.91044
    -2.31113
   -0.168999
   -0.563007
   -0.623175
   -0.938585
   -0.753507
   -0.953751
   -0.363363
   -0.541881
    -2.45092
     -1.7455
    -8.99285
    -4.46423
    -9.58144
    -12.9263
    -10.2748
     -14.078
  -0.0295138
   -0.364575
   -0.620322
    -1.02874
  -0.0343959
    0.537273
   0.0491227
   -0.181319
    -3.19006
    -2.44435
   -0.341313
    -0.23328
    -6.19247
    -2.60372
   -0.397731
   -0.354122
    0.013922
    0.276988
      -3.612
    -1.34479
  -0.0212376
    0.182744
   -0.824998
   -0.769206
    -1.93229
    -1.46416
   -0.385729
   -0.217489
    -6.21553
    -7.85847
   -0.166825
  0.00521067
   -0.140313
   -0.467386
   -0.785806
   -0.202418
   -0.114367
    0.200232
     1.15101
    -3.33899
     2.30933
    -5.64732
    -1.21299
   -0.179464
    -5.42903
     -8.7526
   -0.345796
   -0.480289
    0.337779
    -6.04799
    -1.47968
    -2.91276
    -0.23625
    -0.33557
    0.666826
   -0.480447
      1.4682
    -5.62041
     0.52955
   -0.392767
    -10.8453
    -13.4465
    -1.62537
    -2.18351
    -1.06984
    -6.97174
     1.87171
     -7.1397
    -11.4851
    -11.9933
    -3.14494
    -0.87443
    -4.70333
    -6.95852
    -1.55319
    -1.83363
   -0.914731
    -1.85263
    -3.97093
    -2.57741
     1.27536
    -2.03769
    -3.35169
   -0.653313
      1.4062
    -3.64802
    -5.24503
    -2.39618
    -2.32008
   -0.254462
    -8.59634
    -3.34156
    -7.84798
    -3.90332
    -13.0972
    -16.4244
    -2.24305
    -10.8915
    -2.17134
    -12.0441
   -0.338618
   -0.486148
   -0.094964
  -0.0266549
  -0.0687417
 0.000437519
   -0.131263
   -0.125171
   -0.134117
   -0.106028
   -0.128236
   -0.218396
   -0.325603
   0.0635844
   -0.814288
    -1.17135
   -0.370993
   -0.632451
     -0.2539
    -0.13397
   -0.302304
   -0.521289
   -0.454711
   -0.829733
    -1.63153
    -1.25012
    -2.43455
    -2.38494
    -1.30866
    -1.83024
    -1.25471
    -2.06799
    -1.09036
    -1.65452
    -2.98786
    -1.84812
    -2.38243
    -3.15176
    -2.14416
   -0.225432
     -1.4053
    0.104274
   -0.450655
   -0.193593
    -3.58273
    -1.93636
    -2.14257
    -1.96415
    -2.85495
    -2.15728
    -1.27249
    -1.27758
    -2.29046
    -1.75649
    -1.13324
    -1.16302
    -4.01845
    -2.15564
    -10.9586
    -6.55154
    -2.58059
    -1.45031
   -0.061224
    -1.47554
    -1.25731
    -1.33445
    -1.13419
  0.00248733
    -2.86925
    -1.72238
    -2.15783
    -1.15652
     -1.8837
   -0.859692
    -1.44811
    -0.91361
    -1.58981
    -1.37452
    -2.06526
    -2.31298
     -3.5321
    -3.78764
    -3.75004
    -5.69431
    -2.84464
    -3.63282
     -1.9201
    -2.19862
    -5.20988
    -6.26294
    -1.26497
    -1.75833
   -0.689529
    -1.05835
   -0.797457
     -1.1789
   -0.723493
    -1.00847
    -1.33015
    -1.60662
    -2.09245
    -1.48222
     -2.4908
     -1.6557
    -1.81343
    -2.23422
     -2.5444
    -1.78727
    -3.75948
      -2.472
    -1.25406
    -1.42467
    -3.59588
    -3.39649
    -2.81478
    -2.38973
    -2.04156
    -1.80892
    -1.07567
   -0.906718
    -1.24599
      -1.409
    -1.75586
    -1.08188
    -1.00077
    -1.32988
   -0.299849
    0.197486
   -0.949257
   -0.672994
    -0.63638
   -0.382966
   -0.888182
   -0.896387
   -0.852841
   -0.979373
     -1.0778
    -0.65648
   -0.580593
   -0.832364
   -0.800871
    -1.00096
    -1.23164
    -1.56088
   -0.540152
   0.0502379
   -0.650458
   -0.103392
   -0.340445
    0.510218
   -0.964532
   -0.623566
    -1.16855
   -0.698438
    -1.84228
    -1.25373
    -1.49903
    -1.14131
    -1.42721
   -0.939635
    -1.70441
    -1.29282
    -1.00374
   -0.590002
    -1.37126
    -1.18147
   -0.403403
   -0.894645
   -0.367348
   -0.346353
   -0.717184
   -0.596644
  -0.0388026
   -0.425957
   -0.184222
   -0.174266
   -0.206159
   -0.196735
   -0.519189
   -0.581505
    -1.65014
    -1.58469
   -0.722285
   -0.772516
   -0.175597
   0.0767405
  -0.0368789
    0.094799
  -0.0456988
   -0.119102
   0.0511236
   -0.143763
    0.150734
     1.52321
   -0.104746
     1.69305
   -0.237643
    0.109439
   -0.133782
  -0.0549252
   0.0475918
   -0.053249
    0.153604
    0.678111
   0.0310673
  -0.0889675
     0.30664
     1.22659
   -0.132799
    0.112054
  -0.0320418
    -0.02731
   0.0275116
    0.139748
    0.102064
     0.66311
   -0.225359
    0.247376
     0.49127
     2.09326
  -0.0176299
     0.20933
    0.185457
    0.525885
    0.161357
    0.476116
  -0.0300195
   0.0771656
  -0.0961826
   -0.110969
  -0.0332963
   -0.258042
    0.155287
    0.417894
    0.236984
    0.986944
 -0.00849164
     1.58099
   -0.138777
    0.463142
   0.0148365
     0.46486
   0.0407999
    0.434507
   -0.165257
    0.216089
   -0.867227
     1.33575
  -0.0266574
    0.291349
   -0.196089
    0.164958
   -0.851951
    0.323003
   -0.742285
   -0.190954
   -0.745933
  -0.0784607
   -0.518099
   -0.723533
    0.252723
   -0.827929
    0.643766
   -0.459249
    0.401618
     0.13001
     0.12706
    0.419379
    0.317098
    0.753812
    0.128476
    0.580045
   -0.134773
     0.12789
    -0.14511
    0.242285
  -0.0261668
    0.553618
  -0.0460383
     0.46485
  -0.0931345
    0.244953
  -0.0428229
   0.0489532
   0.0311116
    0.240106
     0.14053
    0.322669
    0.110593
    0.185328
    -0.21487
    0.019197
   -0.248712
  0.00524299
    0.102179
    0.257637
    0.163334
    0.290734
   0.0534961
    0.124598
  -0.0750839
    0.133035
   0.0985964
    0.116108
   0.0877743
    0.148611
  -0.0896821
     0.12157
    -0.32964
  -0.0711676
   -0.276487
   -0.233385
   -0.317704
   -0.377672
   -0.463669
   -0.334413
   -0.342051
   -0.190198
   -0.313475
    -0.40327
  -0.0530558
    -0.33436
 -0.00740195
   -0.263749
  -0.0998278
   -0.118824
  -0.0845881
   -0.231964
   0.0606091
   -0.340014
    0.155038
   -0.131817
     0.10961
   0.0385849
    0.146808
    0.288648
    0.121531
  -0.0721087
    0.130782
   -0.167859
 -0.00184033
   -0.113421
   0.0692992
   -0.225264
    0.863243
   -0.926102
    0.841699
   -0.575495
     2.17585
    0.389413
   0.0246582
   -0.089433
   0.0273535
   -0.281306
    0.396571
  -0.0614385
    0.306132
    0.380238
    -0.03979
    0.484996
   -0.227734
    0.219291
    0.100779
   0.0130765
   0.0440324
    0.129322
   -0.186788
   0.0343521
    0.115347
   -0.163231
   0.0367504
   0.0485224
   -0.221741
    0.364562
   -0.515745
    0.259517
   -0.435976
    0.283636
   -0.136362
    0.112231
  -0.0923743
   -0.395129
   -0.246937
    -1.03349
    -0.35864
    -1.92845
    0.272531
    -1.85173
    0.300554
    -1.37991
   0.0760397
   -0.498285
   0.0725096
  -0.0740476
    0.183031
  0.00273496
    0.714973
  -0.0487017
    0.844898
   -0.383665
    0.314243
  -0.0827359
    0.282838
  -0.0756472
    0.142735
   -0.393925
  -0.0363559
   -0.511973
    0.354145
   -0.859601
    0.715005
   -0.931519
     0.19853
   -0.725427
    0.529871
  -0.0230339
     1.41818
    0.148819
      1.6779
   -0.147979
   0.0774038
    0.280928
    -0.22491
   0.0521034
   0.0531036
   -0.388524
     1.03343
    -2.27318
      3.2136
    -3.12902
    0.769433
   -0.745031
    0.218338
   -0.210264
    0.631957
    0.204403
    0.741973
   0.0630129
    0.432936
   -0.365911
     1.28982
    -1.87755
    0.133914
    -1.02425
     0.13168
    -1.14314
    0.293027
    -1.41198
    0.840929
    -2.20442
      1.4281
    -2.32805
     3.68695
    -4.00989
     2.87189
    -2.41033
     2.90154
      -1.805
     2.75275
    -1.20338
     3.38881
    -1.20445
     1.33771
   -0.124058
     1.05939
   0.0830131
    0.663592
   -0.101361
    0.780693
   -0.675327
      0.6739
   -0.777859
    0.843865
   -0.300968
    0.755894
   -0.381879
    0.899307
   -0.928085
    0.500696
   -0.918667
   0.0998004
   -0.231501
   0.0950454
  -0.0647642
     0.46917
   0.0789186
     2.34499
    -0.34831
    0.814924
    0.237715
     3.53283
   -0.265855
    0.845152
    0.109299
     2.77037
  0.00649466
    0.806504
    0.105712
     6.64898
    0.200404
     1.09383
   -0.592005
      0.5861
   -0.113763
     0.37673
   0.0886785
  -0.0114378
    0.101165
   0.0522612
    0.135256
    0.264902
    0.324697
     1.02471
    0.450528
     0.80941
    0.386683
     2.26481
    0.766549
     1.71922
    0.648811
     2.17285
    0.405235
     2.49837
    0.642085
     2.47738
     1.50137
    0.157708
    0.019031
     1.75354
     1.44816
     2.41233
     1.88973
      3.9008
     3.33767
      2.0953
     1.31761
     1.42032
    0.975086
     1.47013
     1.20606
       1.507
     1.44841
     2.22404
     2.46343
    0.323791
      0.2708
    0.347676
    0.569895
   0.0540114
    0.200802
     2.39764
     3.45903
    0.657294
    0.743839
    0.246657
    0.194494
     3.03268
     4.36069
    0.310285
    0.134097
     3.09794
     4.77883
     0.58028
    0.665777
   0.0976408
  -0.0590554
    0.335537
    0.276623
     1.00318
     1.21009
    0.948347
     1.12704
     1.75533
     2.90675
    0.104212
    0.200321
   0.0727083
     0.65663
    0.962175
     2.68638
     1.41751
     3.62901
   -0.102585
    0.201019
    0.364922
     1.09123
  -0.0940506
   0.0985839
     0.38791
     1.00757
  -0.0236607
    0.146642
  -0.0751454
    0.110788
    0.681622
     1.78046
    0.717518
     1.77726
     1.07986
     2.11189
    0.256592
    0.390611
  -0.0464863
    0.180475
    0.450729
     1.22968
  -0.0387341
    0.163724
   0.0886644
    0.509525
    0.921752
     1.91502
     0.25267
     1.13126
    0.850497
     3.50674
    0.132865
    0.817863
   0.0212993
    0.950827
   -0.115384
     1.38062
     -0.1016
     2.19954
     4.29613
     15.2365
     2.32332
     5.61234
  -0.0924691
  -0.0868508
     3.66848
     3.99783
     3.94066
     3.88843
    0.164544
   0.0891021
    0.496565
    0.494518
    0.939568
     1.14235
   -0.151404
   0.0919418
    0.977101
     1.45408
    0.936789
     1.37282
    0.334003
    0.685479
    0.367694
    0.334081
     1.62917
    0.739683
    0.210236
   0.0678436
     1.22872
    0.693601
     1.28301
    0.831121
     1.03036
    0.915847
   0.0720317
    0.118785
     1.29429
     1.34727
    0.969542
     1.00798
      1.9702
     2.33321
    0.439004
    0.374742
    0.302381
    0.336579
      0.0254
    0.117697
  -0.0893002
  -0.0174415
   -0.159278
  -0.0365817
   -0.228076
  -0.0156853
     1.23477
     1.68749
     2.64201
      4.0256
     2.63013
      4.2461
     1.53861
     3.74677
    0.657442
     4.11619
   0.0701266
   -0.341231
    0.900592
   0.0408043
     1.86148
   -0.310176
    0.431843
     0.18899
    0.277941
-0.000724772
    0.409114
    -0.27783
     0.16221
    -0.27363
     1.86163
     3.21781
   -0.784312
     2.11115
     8.21346
     1.04465
     6.68511
    -5.26326
   0.0674637
   -0.271701
    0.972987
   -0.118984
   0.0209576
    0.962683
    0.207003
    0.339447
   -0.203144
   -0.115577
  -0.0213951
-0.000625913
   -0.807871
     1.74792
   0.0460702
  -0.0377702
 -0.00725237
    0.423133
     2.04304
     5.56033
 -0.00039245
    0.317784
  0.00390733
   -0.102857
   0.0267065
  -0.0563436
       0.219
   -0.207461
     3.92619
   -0.795066
  0.00603699
   -0.293856
   -0.109029
   -0.186535
    0.360032
     1.20271
   0.0333704
    0.306705
     3.81106
     6.71201
      7.2855
     16.7327
   -0.126058
    0.898821
     5.60984
   -0.601957
    0.563349
   -0.264915
     7.61633
     10.8761
     4.36581
     5.30332
    0.479104
    0.085708
    0.435191
     1.68364
     7.23461
     14.1727
    0.371683
     1.39721
     6.48641
     -4.4538
     1.69927
    0.897557
      9.0759
     10.7301
      8.7714
     15.6877
     5.31962
    -0.67758
    0.278066
     2.72857
     4.00215
   -0.751954
     1.80335
     1.92942
     2.92725
     3.04393
     3.70028
     6.81857
     2.67068
     7.93249
     2.23543
     6.71745
     4.30081
     8.28911
   -0.152265
     1.72129
    0.887019
     3.82764
    -2.63055
     1.21097
     -1.5426
     1.03174
     6.05173
    -6.71835
     16.1663
     27.9935
     16.5317
     22.1744
   0.0464731
    0.181373
     0.12936
   -0.205492
    0.111781
   -0.150779
    0.174741
   -0.187982
    0.101134
  -0.0115719
    0.108178
  -0.0697875
     -0.1271
   -0.091505
    0.524884
     0.34521
    0.278032
     0.25111
    0.164495
   -0.326384
     0.36036
    0.186215
    0.350696
   0.0733305
     1.12417
     1.85102
     2.53336
     3.36977
     1.35941
    0.491575
     1.71543
    0.666329
     1.35387
     0.55077
    0.268974
    0.731753
     2.57726
     1.76865
   -0.199447
     1.42166
    -0.27031
      1.0578
   -0.013208
    0.165478
    0.409605
     1.34018
     1.70057
     2.20388
     1.28718
     1.60155
     1.03344
      1.0765
     1.23603
     1.68813
     1.01619
     1.13772
  0.00557589
     1.06633
   -0.371715
     1.81792
    0.193105
    0.779709
     1.80745
       1.018
    0.968593
    0.781818
    0.081945
      1.3376
    0.858048
     1.57947
    0.396964
     1.00334
    0.167296
    0.851945
     0.56126
    0.959122
    0.971337
     1.10476
     1.85322
     1.61339
     2.08126
    0.588548
      4.1703
    0.988554
     2.36087
    0.621458
      1.3943
    0.534141
     3.65818
    0.656799
     1.55577
     1.22916
    0.928536
    0.637986
      1.1408
    0.986348
     1.02638
    0.985003
     1.45127
     1.39226
    0.584996
    0.730868
     0.75012
     1.12721
    0.492815
   -0.543392
    0.443277
    0.533556
     0.19712
    0.594957
    0.998414
    0.641617
     1.70284
    0.746177
     1.34204
      1.2184
     1.17442
     1.16156
    0.410237
    0.313494
    0.912081
    0.448235
     0.30144
    0.583536
    0.979573
    0.438154
   -0.045818
    0.636104
     0.47172
    0.726243
    0.255621
    0.454696
    0.535144
    0.231392
    0.631604
    0.403594
    0.128496
    0.313264
    0.634484
    0.261591
    0.720126
    0.392301
      1.0812
    0.425161
  -0.0644014
    0.549908
   -0.193588
    0.218942
   -0.196573
    0.720193
    0.229966
    0.372476
    0.260995
    0.508825
    0.369583
    0.512371
    0.402383
     0.37379
    0.204725
    0.343967
    0.521676
    0.522459
     0.17348
    0.384121
    0.616245
    0.463543
      0.4165
   -0.342814
    0.173481
    0.093233
    0.234173
    0.167157
    0.236585
   -0.255561
   0.0914496
   0.0552882
   0.0918166
   0.0540456
    0.368562
    0.169784
     1.00638
    0.803226
    0.522075
    0.386427
   -0.128377
   0.0566337