0.2586254504057113
-0.20279563657473276
0.2598107159486235
-0.19628809950781578
0.22860897800262797
-0.17598618361945315
0.1793910587546401
-0.152958266381903
0.24482604409499237
-0.14969548899986662
0.2668902862832593
-0.13979857584758593
0.2565634415851465
-0.06477512737177332
0.2504199224536336
-0.06110585326855829
0.2416149027376619
-0.0662605423665226
0.23827443911787974
-0.051343026111922825
0.21615271208635012
-0.05509073427593193
0.2325878309698822
-0.0420592690665382
0.2251070530725675
-0.02115582004280217
0.21409861056161894
-0.015520792383570736
0.2201900607922822
-0.010446689051631342
0.24408547711645795
-0.01838986627216993
0.27024836623778153
0.11900080811110572
0.27905510125132826
0.12334052855854917
0.3246196857364002
0.11289281475985558
0.38102703242506436
0.09598673048449693
0.393639066790957
0.09861204476378363
0.39278048080540523
0.10436006009942213
0.3229079953936357
0.12250971559446865
0.2607500339893873
0.13513291555128998
0.27760201996025524
0.2080594587243135
0.4346502940367207
0.28912243335580556
0.6533799784695404
0.39754585206795967
0.6596293741716851
0.3978878513156204
0.6883450493363612
0.3713195427254549
0.7040866604438103
0.3728997129631573
0.7121808452233923
0.39757710829733106
0.7187793363881017
0.3833944471607372
0.7260067189016451
0.38392560919171853
0.7099878537324301
0.40744804973375964
0.5209883441473944
0.6629488691908604
0.6282170069592373
0.6225325117518257
0.6014928368857955
0.6314857724942031
0.49116193238560746
0.5862325800422342
0.35209222156336906
0.5154122220149141
0.2509511145532913
0.4434815177040916
0.2675188972361302
0.4648929462804037
0.3485940841903953
0.5167756360104845
0.3869110460858587
0.5400827303327325
0.42537628501644453
0.5515402077609564
0.40610889270988887
0.5753122068288183
0.45770005396345076
0.6122963701536535
0.4961456853307605
0.6311121661792508
0.5427150352191261
0.6411292078284431
0.5405652815066182
0.6504628810766832
0.5508458737878851
0.6525042405363728
0.5799283438873452
0.6502694862629832
0.6067872271045865
0.6279929443968209
0.6139737272300188
0.631140251292645
0.6052986936793535
0.6677266043351838
0.6060524528915305
0.6751379549527808
0.5866289591796869
0.6728962950082229
0.5735200030819474
0.6598403653224663
0.5792446687096332
0.6705242536485359
0.5643314446380234
0.6709553369701827
0.5208465302656032
0.6533198372314434
0.5224346701831419
0.654100646698986
0.5261861336339064
0.6644626656006345
0.5965199656439253
0.6838356503613815
0.5976604768202084
0.686868497100056
0.6201857685844665
0.6934972739690067
0.6268968856283568
0.7149478606912342
0.6117412621486568
0.7293915800263088
0.5969456355982538
0.7333035160005551
0.5725253988409085
0.7147666571056797
0.5749104165977278
0.7002062209031794
0.5825330170020117
0.7028549557364185
0.5792392614962468
0.6661677810418406
0.5578679190706707
0.652087542196052
0.5509512458945497
0.6473067230129463
0.5468991650570247
0.6545437985749957
0.5540723873759805
0.7007035277686935
0.5322242115082754
0.6956630641758839
0.5214143188243037
0.6955857291346162
0.5141322359784654
0.7041516450778513
0.4808961586349083
0.6856117172896882
0.37922780564605657
0.5890957058243805
0.3553280318763291
0.5965255452213761
0.35807415989027525
0.6380275151098311
0.3471872589946936
0.6613307714584166
0.3289413884354536
0.67010110717894
0.400270698246291
0.6404098208456295
0.45554488361161366
0.6144749041306363
0.5288973645522009
0.6068257007646479
0.5380979419776439
0.6212854427638684
0.5258362822352186
0.6289170658842649
0.545904234252484
0.6458067843233655
0.5683410777439751
0.6212013798308685
0.6259700893512541
0.6976820147239113
0.683078727151094
0.7385236556397146
0.7210880704129585
0.7682872240680731
0.8969665898753659
0.678124617124815
1.0738524663417226
0.5415648139560997
1.1041358562324244
0.5204257517305804
0.737750056977363
0.8093732468619631
0.6815075648473504
0.8211116184136805
0.6094854218746009
0.71521070531373
0.614223309448226
0.5515691331234917
0.7099439135225626
0.07855228140559502
0.7087912300823664
-0.19072520847646568
0.6701486941172781
-0.016829365818416982
0.6621271327113142
0.21181589861603753
0.5395724198605283
0.5692367966860298
0.4644353730433331
0.630173384749046
0.4901168588263095
0.6157129841153839
0.4374116363608389
0.638095109796551
0.373342958448595
0.6685660017797327
0.3094847351323658
0.675313651140206
0.23704304658125885
0.653173960622363
0.27497947857701005
0.6561325279209109
0.2750587897017461
0.5182063708757989
0.28251159297569467
0.37129422380231175
0.278032475951766
-0.14163428471915057
0.2371108162428648
-0.37476112267876993
0.2946570150904647
-1.0000001302772152
0.27448395257370817
-1.000000032945865
0.2526731088281261
-1.0000000047568756
0.22122880645577034
0.5499641388715439
0.2522156172622135
0.5088426710508099
0.21144782843986196
0.5213846010164676
0.07909825248958177
0.44398663952778344
0.11744913061078673
0.37492313702659985
0.1637868796408285
0.2448030301914349
0.17073356368951786
0.13972282257331511
0.1550377703129065
-0.18071898765257807
0.11562875171780725
-1.000000006803195
0.08224612360348758
-1.000000012229866
0.022981355870325886
-1.0000000082805438
-0.04947402158536961
-1.0000000043006791
-0.09640147345765433
-0.2546628459636291
-0.13019345148719555
0.15037920155824075
-0.12917809051952267
0.29267658041600275
-0.10555833892373741
0.34314333471058145
-0.05866754189380711
0.3552394093311879
-0.007485958749534735
0.35213310920830276
0.036528139519235205
0.34619012382214415
0.07967331657410993
0.4343962921400324
0.1375886912100952
0.6949353726519873
0.011337915501243736
0.7605636057944862
0.008366691210276084
0.7292668039304807
-0.006470069596099034
0.7226609310178956
-0.03632985530417307
0.7261929295552291
-0.1455939612773379
0.7543447454349053
-0.16981567146481835
0.7432429611884122
-0.19240800996222251
0.7948512718732671
-0.18561390469782266
0.7518561811286362
-0.14992469562008615
0.7269230139518857
-0.1449935741380777
0.6893534630303423
-0.07473958285002143
0.6924868897149181
-0.09139077649483228
0.6464292075610294
-0.03112676911234998
0.6371849036727006
-0.05980340107856329
0.5875032159989986
-0.004382705852486547
0.5870527033754535
-0.10364614374513019
0.579456086715448
-0.12973983794237504
0.5689024672718705
-0.13492373749220624
0.5393709588137863
-0.11729068540873405
0.5331664821759283
-0.11891636716790953
0.5504310555779721
-0.10048440180080206
0.5568993809725067
-0.0661809294862187
0.5495029170061457
-0.041300074981263646
0.5363918390954293
-0.009113577655030493
0.5180230883333025
0.03069674032309439
0.49103889259002453
0.04835314321150268
0.45168238935680605
-0.060783658082773244
0.5129481846596977
-0.1748376248919874
0.5519285401524425
-0.1984702889065534
0.5633174729815877
-0.20171967926349632
0.5558051392032636
-0.2508723950106905
0.5650206310313244
-0.2776572584623307
0.6057149452321712
-0.30220866982342337
0.6647465094453341
-0.3533602276760843
0.693417558628594
-0.37589583996455356
0.6955311074200247
-0.43553982179521245
0.6887545227028066
-0.4546165533843414
0.6769671360466155
-0.5059803503744866
0.6650906883125075
-0.49700276344876243
0.6554650717168822
-0.5051936604688715
0.6462485471786581
-0.5014084846962589
0.6263478742381495
-0.5138634791520507
0.6198151874239386
-0.5331406026442959
0.6227059751199767
-0.549544714601556
0.6041899860258464
-0.5794017372951883
0.6101183086288979
-0.5992002381730137
0.6023497653860057
-0.6085691786188697
0.6102457678338026
-0.6107851694644533
0.6333248609156157
-0.6171506571628523
0.6335918266893266
-0.6584058505187357
0.6201629189327428
-0.6869287984391279
0.6265040078746197
-0.7290774743052604
0.6147007249831964
-0.7443542601937456
0.6072473127895409
-0.7461593929202387
0.5918010247490473
-0.7277538134861758
0.5541555207217934
-0.7061078629250296
0.5400039011032998
-0.6609868371980542
0.45090073745208037
-0.6458884528979187
0.45585710665455936
-0.638158960261802
0.44152982691269704
-0.6219805931155216
0.44803748173954494
-0.6270581009335288
0.432737199293517
-0.6155594229126398
0.4288737117526403
-0.5960450213524988
0.4400849469361876
-0.5766497349873558
0.4315098834798012
-0.5777384859889269
0.4184435999493599
-0.6060512274714199
0.4120819775576093
-0.6051529426425504
0.3940030296298676
-0.5927727962167002
0.38827585203956166
-0.597814138777048
0.3771216959044931
-0.5814993179174553
0.3678557461538997
-0.582245176740336
0.3580469413885177
-0.6169255445129334
0.34954647011811585
-0.5789277807804982
0.28078246397803697
-0.5844122483284259
0.262266003896292
-0.570137990857064
0.23594904282650256
-0.5503805318097224
0.2117612639739723
-0.4815746532726802
0.20631689011113327
-0.39367125181807805
0.23605985170558902
-0.17969386168149418
0.2910070450639656
-0.14242225821863058
0.30780037037154234
-0.14310440329359242
0.3305678307475825
-0.20940637713421012
0.44738826953028255
-0.2007471893809685
0.45552894454739046
-0.20400680051120515
0.48022554438036946
-0.189290822078447
0.48576312955175693
-0.18265273439341148
0.47250605553284536
-0.14735380382810104
0.4844532787015698
-0.06680561144064504
0.47762266603685255
-0.0030802747846490337
0.4535077880728291
0.04405861838250673
0.4281867740466288
0.04567970065762307
0.41211101070690903
0.03328974334718222
0.3887109982857887
0.04674875476314118
0.3827865335739203
0.050121556925803216
0.2630464924522692
0.056811504135204555
0.21875830890878176
0.06431496900656601
0.20302089957566172
0.07252854902408142
0.2048915716328983
0.0743723973871302
0.1644740122834714
0.08521947014349127
0.13844286201765574
0.017075348023927413
0.13974032925458033
-0.024724090051113822
0.13391275675633946
-0.04073780847549221
0.12184898515327233
-0.03411543733400238
0.11806520767178862
-0.012474364410242623
0.12668291273740434
0.026581852095191295
0.13022910323615994
0.06577866528285184
0.12833317080856574
0.07533567773627917
0.02605928068004017
0.06066918522236274
-0.030292577122196497
0.025058587809121943
-0.11847986037622518
0.1289291898876298
-0.1427166198041043
0.16192391453302082
0.6749423506132892
0.20992964623657595
0.541754530726429
0.25470166014690937
0.5628127836404367
0.25376807618433445
0.5626282070256101
0.23707682087668674
0.6473765308307181
0.21697170378879835
0.6550804317889177
0.1770914548382137
0.6605682031749701
0.19456474563604723
0.13914752778812167
0.5992229448598817
0.47065873760519555
0.13002154473160585
0.5831949042086713
0.004235782368189399
0.2634811166124807
0.2910361964796485
0.1258088651472837
0.19816360390379587
0.5869926132678168
0.19349319978745133
-0.1739060483428287
-0.614486569676933
0.621618606298689
0.5944630745405739
0.6824543851632706
0.600088032628096
0.6461434605667067
0.6524645581198417
0.42265156175002094
0.5488165355785768
0.6104200713492858
0.225807842311447
-0.18874329166362722
0.19062919233060133
0.004354226721323658
0.24371969438485558
-0.19644241725536132
0.5671466038623025
0.6778999940280986
0.5436647564704236
0.6762934974307939
0.1983303060912274
0.63675507761414
0.1668371440286834
0.6733983839275213
0.17640405659403405
0.658599485084773
0.3576099468593155
0.11339186852839558
0.20456125486890359
-0.035409415461720085
0.30152474527632295
0.11675664153257138
-0.6416682119419076
0.5804781606570192
-0.5338107144874347
0.35986039343136805
0.26164713282999547
-0.1022671241003569
0.026601938959744876
0.6767515975033612
0.1901673824402952
0.542160887925584
-0.4735732341621752
0.5867678372967765
-0.24000113996851885
0.47224657694197525
0.05149030304216122
0.13773195544731068
-0.6858927024242809
0.5000726425023763
-0.5132614090967916
0.42080186427945465
-0.6734548071011799
0.47548604676624806
0.0463374256167644
0.38393014397460895
0.13122748414975008
0.4219088561428215
-0.3730595803213255
0.6294940629629417
-0.5464835537587067
0.49222433834196727
0.2490454288471654
0.646762740526359
0.25418241908499833
0.033214393744546315
0.08134715558491783
0.7016872400043707
0.13187592926212702
0.2482013188131932
-0.22979875716119502
0.5215289828444871
0.13541461816645117
0.08056727560005253
-0.5343108323183093
0.26204944289860976
0.132038159635443
-0.07083260787499684
-0.6107052585090202
0.49657105993266243
0.560961894576025
0.4002354147320147
0.19919429571380765
-0.10032490380339042
0.8619109965305253
0.48967049495157783
0.6979084737313236
0.5640561403703718
0.05353963735626779
-0.13901363265050748
-0.3419023127891835
0.3762833570040827
-0.35064849409654575
0.5126850355630842
0.14559614298410026
0.48138335392658493
0.14579703763109902
0.4993055019499639
0.11446318442689825
0.47122692477992095
0.17108760342661003
0.5230227997839455
0.11101740562405628
0.4617825772171637
0.17436700562884888
0.5064937599859436
0.21470450018806347
0.5543087300116294
0.25571619071108725
0.6328951481239131
0.19055879323895236
0.6241153726205579
0.18596148982173086
0.648502285067055
0.20007997719895196
0.6035579367127937
0.1716106986489129
0.6477333756840011
0.23125995034490102
0.17508873766005234
0.15106255508377794
0.18937747504310856
0.1271630759772458
0.4886439584994992
0.07742084775927595
0.47929690036898037
0.09660778852153785
0.44728912455742137
0.46346495301558954
0.4674292645942305
0.1307885973120467
0.3723126534903702
0.5450956418130267
0.34972924892631885
0.5989359541048399
0.37608588835068824
0.5652440383903969
0.3732767323856287
0.45990862029018237
0.38294498034817576
0.20552578395573753
0.23000820300551175
0.29909108281437885
0.33210528441085835
0.19506972564027406
0.2940722951305921
0.27102298069868036
0.2708550685883935
0.17915082374321833
0.260011657532435
0.5283796937806523
0.450277761916765
0.541267119032264
0.5291290352939164
0.4793360750645168
0.42716911104435584
0.04897712269385445
0.3224765952956922
0.20142300233622584
0.3694774860131746
0.3601175494862285
0.24585294075669087
0.365066112844841
0.30915018095285535
0.4238701175509899
0.33653140686399113
0.4839525171858008
0.3305334292574036
0.325724885238532
0.2738621554468114
0.24907332825721556
0.30835374127609444
0.1741660479786433
0.3324423273009495
0.23264979324461058
0.5424858483782425
0.08709711155361899
0.5360581539555248
0.16003736604454005
0.5323466519503891
0.20225404032255384
0.49268458615557553
0.18597782007579747
0.5661153906333366
0.11094709729164413
0.3306150243913677
0.08465000328640282
0.3601158080449684
0.0882766706261564
0.2934873461948717
0.09379207090466697
0.26315537622463797
0.1414927892217981
0.2873867701322857
0.36570460489308826
0.41355388918672414
0.3592935248751243
0.36042721078664697
0.42165685441918244
0.5506320851839044
0.40933407712455405
0.49344070254237726
0.4777000317654793
0.5298736158899298
0.1975917336663901
0.4171097428846753
0.28086804691637085
0.5104983869215066
0.28352504531163314
0.3945078024475849
0.2539964618385544
0.35422104479785244
0.318469094986613
0.4535247238657171
0.21633005898019386
0.4608481898676538
0.4218941248212982
0.4135937947514243
0.1468981048691754
0.45695757833292394
0.319898262998806
0.22576054231764867
0.28451221314082775
0.2413719391401821
0.3166868437929664
0.2494405659007063
0.2365311083514462
0.48181786864574705
0.219729650770138
0.4368837060340937
0.44846347387989494
0.43782486567617324
0.11749291653398389
0.46630342524029883
0.16792432434171167
0.434419710010149
0.164792956126172
0.4820704571598452
0.3087787222389329
0.4885202344215062
0.2690442581529227
0.1706998372516881
0.49111969087325935
0.32016995305497276
0.38811134522864066
0.38918438983404946
0.3986496629583293
0.3586620703557407
0.40129477982340855
0.4497891787961742
0.3645450760709342
0.4711878775605099
0.42973068596736397
0.4718987662819524
0.34892297341988987
0.43957984307090076
0.4246637227605363
0.38403785905145676
0.28070635574689484
0.4293583496737944
0.2983526959558904
0.481657041868931
0.2788932633354936
0.4564699419961067
0.3350569908190366
0.48560067819445085
0.272020497596658
0.46377814650145605
0.2645117388725469
0.4501728331248357
0.28839786587749966
0.46900663137853493
0.24298799880259417
0.45749428324529634
0.24055372146294896
0.4039307836345295
0.20815914528269566
0.3940613530004884
0.2595630424729446
0.45201827532459754
