%%MatrixMarket matrix array real general 
812 1
0.258625291684821456694720609448
-0.202795000144220721738363977238
0.259810545269198833739920928565
-0.196287456256831582823707549323
0.228609186188060337086014328634
-0.175985729164829879378473265206
0.179391056313037616787298134113
-0.15295808876397198883267947167
0.244825920558747411881483913021
-0.14969540488095517405398027222
0.266890163544510894411132539972
-0.139798458653068863322133097427
0.256563160616764429633462896163
-0.0647748601493886716484738030886
0.250419470457397652651820862957
-0.061105618056648790259455239493
0.241614770704400960710245271912
-0.0662602204852969639548021518749
0.23827425660868623014110312397
-0.0513426828246711444703187510186
0.216152706930880400548744546541
-0.0550905262058779682243780939643
0.23258788850158484962094007642
-0.0420592879469839156514332501047
0.225107043211770163626539442703
-0.0211552128050196443231900644832
0.214098650814034230371873945842
-0.0155206704701172804733433352453
0.220189925529648306001817559263
-0.0104468952396068060634037877321
0.244085134684637328206235906691
-0.0183901302036073716061892469043
0.270248102584726090924505115254
0.119001055029722024869442975614
0.279054598089831740193034192998
0.123340274303469762950946631008
0.324618092513401401699724146965
0.112893227344064733808082223732
0.381024863329866070316143122909
0.0959875916379906435338398296153
0.393636814343020446926857403014
0.0986129540004999638469485034875
0.392778207880856211620113072058
0.104360980835210462314144308493
0.322906462879122779785490138238
0.12251010256867761460952692687
0.26074970657291168807390135953
0.135133168533906139474609631179
0.27760086804428207862827093777
0.208060401964233948612914559817
0.434645399304173007948293161462
0.289126338408218830355878026239
0.653371193672708128197257337888
0.397554664222768805448282591897
0.659620022103230674304086278426
0.397896532074845987736466668139
0.688334533963106842691104247933
0.371329133233415820125600248502
0.704075665865467326121063251776
0.372909755395895159413299779771
0.71216912660492037723258818005
0.397586541302797191743678695275
0.718766942351042992243037588196
0.383402983274682584990955547255
0.725992874795872267235097297089
0.383935974479619746002612146185
0.709972495249048596299701330281
0.407458660835868458072184239427
0.520971279782038831918100640905
0.662958822067993391868867547601
0.628207281727867994369773896324
0.6225596811792123430606693546
0.601487764726859941433190215321
0.631529564738103843524186231662
0.491146266081440519002399014425
0.586248284388428686497718445025
0.352074598749164247024623364268
0.515424077594343166275336898252
0.250949782959418166150555862259
0.443484791447463166935705203286
0.267533043371324996684279540204
0.464881134486550551265793274069
0.348622894264034532962881485219
0.516759928927665757036891136522
0.386963515374941335878133941151
0.540056351198934136981222309259
0.425566534019074516059788493294
0.551450899299907315587176981353
0.406166949139867117235525029173
0.575283021184198828379408041656
0.457719969113940416960417678638
0.612282537858075737169372132485
0.496158651559836350042331787336
0.631101038851741402702089089871
0.542725448487377915007812134718
0.6411178243544463084546691789
0.54057562194908281849592412982
0.650451233095536762718325007882
0.550856565429744926554178618971
0.65249079125000131185174723214
0.579943037813187345363985514268
0.650249236726041179856849794305
0.606804837116401318830583022645
0.627971245110260145594338609953
0.61399109985106870013282787113
0.631119540063860062772960191069
0.605317981559315376749452752847
0.667699208371972274811412262352
0.606075344849731245666646373138
0.675103363474946482902794286929
0.586703827244116404848739421141
0.672780254473537842052621726907
0.573789643847145369726092667406
0.659608338037762198524660561816
0.579297307483109258363640492462
0.670420523807924273462788278266
0.564259644027258699949811671104
0.670769954341865592972737886157
0.520779820926348113729886790679
0.653286131111958101591596914659
0.522401853962649820317665216862
0.654159998380578255883222027478
0.526168600214602544262731953495
0.664468309794101319454284748645
0.596494997079994426769644633168
0.683679679532105510908479573118
0.597714551423527584717021454708
0.686749774603512830317697535065
0.620209839421164255135465737112
0.693461013351299948581640819611
0.626911186830090949584359805158
0.71492571522897152558329025851
0.611748216995480320612443847494
0.729379301047333394869554012985
0.59694725303170892427573335226
0.733297885715350594715289389569
0.572518605460435869858315527381
0.714771124552866399248785000964
0.574943516899128370667426679574
0.700188643568919300008701611659
0.582506267548601353034598560043
0.702805959244545475073095985863
0.579247956724752710577774905687
0.666156103419252354491675305326
0.55786946271731341351340915935
0.652071366710948896461275126057
0.55095114808751932677921558934
0.647289157833839334799108655716
0.546898787363392702154385460744
0.654526353168263352877431771049
0.554076155083967347714235529565
0.700698603777931583458382647223
0.532231407369815223695752592903
0.69565421451419617859812660754
0.521422636509823234085558851802
0.695576217264734619760702116764
0.514140701711117142913565203344
0.704142010884286628780159844609
0.480905263649012038040808647565
0.685602634392881271629960338032
0.379270644944375179274942411212
0.589073834561536502363310319197
0.35535083117924404216836364867
0.596513672174528997160791732313
0.35808804891503731582247382903
0.638020469422310165796830006002
0.347197053374737829578577930079
0.661326044105394195149472125195
0.328948546385865681074278654705
0.670098044844364859606855588936
0.400278358094978914394346247718
0.640407297900080774155640028766
0.45555358077425511797997614849
0.614472941720995979864028413431
0.52891056585898510444820885823
0.606816868337391346344134035462
0.538108740977648491998763802258
0.621274246588447431882684668381
0.525851835333485562173905236705
0.628906631596107490445035637094
0.545926685574993686422828886862
0.645797364073850022059275488573
0.568349400299138607373095055664
0.621192898941410831525899993721
0.625974362026628927679894331959
0.697671737896319421601276644651
0.68307954574594598184944516106
0.738516869823390265104023910681
0.721088906124797812680071729119
0.768282259652243615377642527164
0.896967130406434276501670410653
0.678120849584778806473650547559
1.07385274144909170779271789797
0.541561477698344839737387701462
1.10413592808700222747120278655
0.520422524390850571585076522751
0.737750864219295365842299361248
0.809368985495543702413101527782
0.681508667661848810404023879528
0.821106549322804468715730763506
0.609489804152261616110308750649
0.715203618707249244579315927695
0.614228446291700147519065922097
0.551563683717515851334667331685
0.709947731610925281131585506955
0.0785495947744536543444482390441
0.708795215625078856014340544789
-0.190726869757744221800521700061
0.670153086913147899572607002483
-0.0168323719963478467265272087161
0.662130521864623400318805579445
0.211813208683027859313696694699
0.539580604540462971385750279296
0.569230127226516446903303858562
0.464445821047884177534825766998
0.630167095462619064605291896441
0.490127640405397524414610188614
0.615706573709630444746210287121
0.437420210370978612690606723845
0.638092564080519175639949480683
0.373350382364539767898747868458
0.668563347821009124061220063595
0.309491076621968397297735009488
0.675311070272708646733406112617
0.237046463166742688022381457813
0.653172896778373091031255626149
0.274981306547357418068600054539
0.656130707066319041054214267206
0.275059782880125169857166156362
0.518205548276375993488329640968
0.282512757061752939335974588175
0.371293575098086581220968582784
0.278034584983429922111497489823
-0.141634921361563331787536412776
0.237113145465877639406215848794
-0.374762883309075645055230552316
0.294658993652955392139602963653
-1
0.274485919815281975697729421881
-1
0.252675048418309011744042891223
-0.999999999999999666933092612453
0.22122972664971168876846263629
0.54996338101325781266837111616
0.252216236770314683468541261391
0.50884207538689008032406491111
0.211448335450526492262923738963
0.52138404835690443928086779124
0.0790987521719490188631951355092
0.44398585001826357254728350199
0.117449517208970843906712389071
0.374922577730693928899086131423
0.163787123205412443738282490813
0.244802705876460996448074070031
0.170733746689535226259692990425
0.139722602177400068157453461026
0.155037907628930493597607664924
-0.180719107495019348785803003921
0.11562885438197992304942829378
-1
0.0822462148815656240996574410929
-1
0.0229814348529379583463416736322
-1
-0.0494739524108010544911628869613
-1
-0.0964014101066815037865964654884
-0.254662868221713967198382988499
-0.130193388581106239687557035722
0.150379164648118235358964511761
-0.129178025339062696463798829427
0.292676540524049400016082245202
-0.105558269450370945108375053678
0.343143299462485229511798934254
-0.0586674664068324580590285677317
0.355239401991697623106603032284
-0.00748585860387231735030288959365
0.352133120707657010228786020889
0.0365282467703342411668998579444
0.3461902320923227471816119305
0.0796737752484435596267431378692
0.434395455995935930726403739754
0.137590631511705530076739023571
0.694934468072484712308778398437
0.0113389781506141335692960936399
0.760562637331947066776649535313
0.00836765160476426496372059915529
0.72926594201196759392757940077
-0.00646924782800399351262443659039
0.722660152374347886095051762823
-0.0363292087305512045869448911617
0.726192254676715220895744096197
-0.145593610652280602835162426345
0.754344363120816652212852204684
-0.169815338932522874593189499137
0.74324263361841869102164537253
-0.192407640506610133623865976915
0.794850773122285358951444322884
-0.185613557477683710494886781817
0.75185578124978846847881186477
-0.149924330095276947538707190688
0.726922605444774161398413525603
-0.144993173458603269443401018179
0.689353008721595106322865831316
-0.0747390480612399737969653301661
0.692486267144899025893778343743
-0.0913902246655139971487358252489
0.646428498569062925938055741426
-0.0311261250728951527344534611075
0.637183966739284124436437650729
-0.0598028517733917019949529958467
0.587502091205102550119931947847
-0.00438217372098144517661433283706
0.587051314176509464459741138853
-0.103649969821758641819187118926
0.579448994606939882245910666825
-0.12974701605580818419838351474
0.568890065700666136550012197404
-0.134930204665531822127988448301
0.53936167393750655829620654913
-0.117295229466977082855017044949
0.533163360246487361138179039699
-0.118922532515225817806303609814
0.550421353761419429595491692453
-0.100488601161084656343547294455
0.556891803881107150253626514314
-0.0661829173981230145518139806882
0.549498273593893360455808760889
-0.0413008645713227179330218064024
0.53638871682781308347642834633
-0.00911333264655357286332382216187
0.518021133168939384994189367717
0.0306976796592775894034765826746
0.491037413006936596104878844926
0.0483540415268648091084990880972
0.451681387497369246641909512618
-0.0607837740285307251419943952442
0.512946162739606248415213940461
-0.174836395149438605933767121314
0.551930539021183497183642430173
-0.198470796101017254997600502975
0.563314277001865759686438650533
-0.201719157227784412489413057301
0.555805245788272617168956912792
-0.250871417482598113579683740682
0.565022217256743064517365837673
-0.277655284076813502203151529102
0.60571865718360751174031975097
-0.302201749519125428822263756956
0.664760076734832949796327739023
-0.353363525794186450479372751943
0.693410995636970173272572992573
-0.375897712924507798604167874146
0.695527361084673501068209588993
-0.435540295900530616268753192344
0.688753557050325260213696765277
-0.45461681905851430984810690461
0.676966590660506684073993710626
-0.505980369850188571589910679904
0.665090273380091190347229712643
-0.497002915560792457583261239051
0.655464747501822486697165004443
-0.505193664249865448390153233049
0.64624839163716019108107957436
-0.501408525445906527728823220968
0.626347739458887109442741802923
-0.513863479898840180837282787252
0.619815137487982448227796794527
-0.533140595925211457917214374902
0.622705943693147467854487331351
-0.549544697537946547072351677343
0.604189979942848842675573450833
-0.579401724900436065901487836527
0.61011829497208791561746465959
-0.599200228939114509785213158466
0.602349746532966134893172238662
-0.608569170911571477589063761116
0.610245746641372655005852720933
-0.610785162550222970878621708835
0.633324838845012560994973682682
-0.617150650168134307094192081422
0.633591804701652439035797215183
-0.658405845664861044674864842818
0.620162892903290852153475043451
-0.68692879444214582917993539013
0.626503981386454467106261745357
-0.72907747141939227564222392175
0.614700697467579715294050402008
-0.744354257462130464162441967346
0.607247284391445929507824530447
-0.746159390318506754447014373
0.591800995484290437431695863779
-0.727753811355615676248476120236
0.554155487340337038482118714455
-0.706107860962515099245706551301
0.54000386337448169626895833062
-0.660986845522449018019983668637
0.45090062763600813333653150039
-0.645888463072049945346009280911
0.455856985020094085392372562637
-0.638158975584587451201912244869
0.441529674964795226799196825596
-0.621980614437954160145238802215
0.448037294059787372102476865621
-0.627057733204601230880825823988
0.43273706166341130430197381429
-0.615559804393321696736052217602
0.428872991805308523272088905287
-0.596045046669274380946035307716
0.440084833379509321460432147433
-0.576649697088604473727002641681
0.431509919765035609984238362813
-0.577738408554072879752538938192
0.418443724706525022050129791751
-0.606050850770898374975104161422
0.412082585782285459874429989213
-0.605152572024475254863773443503
0.394003314786049163576109322094
-0.592772706854825748301607291069
0.388276041580031872069156406724
-0.597813751598970544165467799758
0.377122118443015630351311529012
-0.581499307027483203214046625362
0.367855883679874373637375128965
-0.58224509609990349190411507152
0.35804716950749054804603588309
-0.616925469084053545998358458746
0.349546682183876855631865510077
-0.578927733644517883426772186795
0.280782581985617618602901757185
-0.584412204370697851985028137278
0.262266110981039413108106828076
-0.57013795018274304737815327826
0.235949137415819937269034767269
-0.550380492367422813337896059238
0.211761352662422630555028035815
-0.48157461062259687700759513973
0.20631697593720538241868212026
-0.393671197082858415061679124847
0.236059942198297734172740547365
-0.179693765565315854981776055865
0.291007173849526512565688562972
-0.142422150134987185454704672338
0.307800511134200982521491596344
-0.143104289032110337798187060798
0.330567977984811356417793604123
-0.209406118346533137719589490189
0.447388590579944511738119672373
-0.200746881649614627995958926476
0.455529311423093441479892362622
-0.2040063597124452676734307488
0.480226032878033504136539022511
-0.189290289130637751080499242562
0.485763657030840956263517682601
-0.182652178963164629754700740705
0.472506606329993028570157775903
-0.147353104910158405616016352724
0.484453977612505082284144464211
-0.0668056045459418795795514256497
0.477621033488559221247271580069
-0.00307979739640994176763655332252
0.453506458478597385131081409781
0.0440594128158691214491859966529
0.428185895548636730190139587648
0.0456803639853594067865572014853
0.412110340425557664101319232941
0.033290224745919479165667809184
0.388710533435703553539752874713
0.0467491910881495387197759328046
0.382786120046496591839968459681
0.0501214047190705197509785762122
0.263046647381714404634323045684
0.0568113149009508155984349286882
0.218758487512113297679405832241
0.064314761949201187940516888375
0.203021091229902611585700356045
0.0725283362691047789327924988356
0.204891767518841055872869105769
0.0743721962427420502095287702105
0.164474191773901073920782778259
0.0852192942455453905647999590656
0.138443016862405343658792844508
0.017075224703025238676135089122
0.139740437914001314201328796116
-0.0247242003579673970403707272681
0.133912853949653687379850452999
-0.0407379173871189742550669166121
0.121849081117227545090209162026
-0.034115546409107799785687120675
0.118065303779787758586827806084
-0.0124744773934500688405968560346
0.126683012288781815524174589882
0.0265817238735408627181566743047
0.130229216212114057293902646961
0.0657785072897069111874657210137
0.128333309981179338743473294926
0.0753355939687705283835938985249
0.0260593675762691746877752763112
0.0606691370446223801615737158954
-0.030292495262851572984663661714
0.0250585554807982932579157875352
-0.118479785732121492558555075902
0.128929158236657043223871710325
-0.142716514790872495144213871754
0.16192609057002474437503281024
0.674941322459380543818951991852
0.209930304660692845786229554506
0.541753845427294100645099206304
0.254702459883299037191051183981
0.562811602939932820177659777983
0.253769140573114893033590533378
0.562627968570101000267413837719
0.237079284874100071345282003676
0.647375647720775493354494756204
0.21697431613280002138388624644
0.655079946183391381708815970342
0.177093659221848193086046308053
0.660567483210140138361055051064
0.194564453181070989851164654283
0.139147775261384609724046867996
0.599214134114844143574885038106
0.470668909224576881289436869338
0.130024003955420019984501323052
0.583193199602180190055378261604
0.00423589677157070777779868109292
0.263480996628831620753885545128
0.291035517217438866044432188573
0.125808641502120371891138006504
0.198165101406587773613665603989
0.58699165563642785592435302533
0.193493257592188938609467641072
-0.173905786723632715951026739276
-0.614486562513093859116963812994
0.621618584458858536301306685345
0.594477865473758138037396747677
0.682432867627206674043804923713
0.600105166349376273338123155554
0.646120860143219344351450672548
0.652455511462073367567882087315
0.42266052651134261575194273064
0.548826312128227855602347062813
0.610411291835526559346192243538
0.225808007587995046572260093853
-0.188742826888519316108627776885
0.190629123189372889912718278538
0.00435428170633485149554342541478
0.243719674160977867183319744981
-0.19644185260491442424068964101
0.567153187987318618823451288335
0.677881126526303612322976732685
0.54367386037460518899422368122
0.676282278730147123901872419083
0.198332080947579064700292406087
0.63675374153254771236731812678
0.166839605347126579415473202062
0.673397280039278123275892085076
0.176406153517049107959380194188
0.658598635024064349430261700036
0.357608051729181253275413610027
0.113392523096237429758303960625
0.204561248660543176791648534163
-0.0354092461901867813778288507365
0.301523717741841223993759513178
0.116756689616824338440181918486
-0.641668206871420343517797846289
0.580478132337745478253054898232
-0.533810669131131620979147101025
0.359860503013531396465651823746
0.261647008921532198133519386829
-0.102266937215308356678988843669
0.0266029174578242023907481694778
0.676750704997853058664247782872
0.190168069004367057406312824241
0.542159961608227769502832416038
-0.473573147818508566331274778349
0.586767957648660409830654316465
-0.24000080979081708787425952778
0.472246990760866347525137598495
0.0514901570832164909297112842523
0.137732084038879959431156407845
-0.685892702481132099379124156258
0.50007258527788300828120782171
-0.513261348811994921881307618605
0.420801965820047974009554536678
-0.67345481079931279744243965979
0.475485965699661283778709730541
0.0463376355891434235645398587167
0.383929868932319284802190395567
0.13122865599578037443251332661
0.421908009512185933065353538041
-0.373059208465284286582175354852
0.629494731589403277993710617011
-0.546483520364262620461204278399
0.492224369806375072755599830998
0.249051009587439975412337389571
0.646759989301692761465290004708
0.254182277548907598063721025028
0.0332144803019644510588825880859
0.0813486040370619417627651159819
0.701686342097817439267259942426
0.131875622705427769654207281746
0.248201603529771969158801425692
-0.22979819538709864157333129242
0.521529666722931328770584968879
0.135414476415499668293662693941
0.0805673978068539853314433685227
-0.534310791736669954410388072574
0.26204953519790241678322217922
0.132038124526415556747593882392
-0.0708325103800908628670640609926
-0.610705254663537200343625954702
0.496571008029538518702139526795
0.560954475853366663073984454968
0.400242776139010880687152393875
0.199194253729623294013606482622
-0.100324740655544530909537570551
0.861893334235174446433802586398
0.489686556420162732994327825509
0.697894797722710902299070312438
0.564072155540196185086188052082
0.053539733892315706509368311572
-0.139013701570102371496417958951
-0.341902200060516803237220528899
0.376283524885786535563170218666
-0.350648188608573496694020832365
0.512685542597773435957719811995
0.145596626586411870274417879045
0.481382674191858483947470404019
0.145797606572028282112540864546
0.499304558838933709719043463338
0.114463711935642226125153797511
0.471225998147572655572190569728
0.171088223616051027242690452113
0.52302185722289284974806378159
0.111017899689697399634447094741
0.461781800195735836478405644812
0.174367530769566098092226980043
0.506493051320444531704367818747
0.214705974370673152717969855985
0.554307826761827326933484982874
0.255717868397024816751184062014
0.63289376346792813876618311042
0.190560513307705736707475807634
0.624114638444327352040374989883
0.185963378596636724759960657138
0.648501172087374233576895221631
0.200081571016863773992966457627
0.603557073980375502486594996299
0.171612540871892482741145613545
0.647732817417312367602733047534
0.231259417902396957611443895075
0.175089179407392464549175770117
0.151062238950799232473087840845
0.189377751109656489170163240487
0.127165364190791913001632451596
0.488642205196064272065825662139
0.0774221559360265404459156002304
0.479295611228953533089480743001
0.0966090306417552863171849253376
0.447288066695422537044635191705
0.463450263598463030323415523526
0.467440266758717082318241864414
0.130788908530477143710157861278
0.372312495160755096978988376577
0.545089019525380580333262514614
0.349735432391304112975660700613
0.598928445370966455740813216835
0.376093385280026448747037193243
0.565236946859974942469762027031
0.373283627450009480863712951759
0.459900997644594522473227016235
0.382951119060131128790658294747
0.205525117465901796531824174963
0.230008774762174877936971029158
0.299087954837191916102057120952
0.33210790426937969455067900526
0.195068941457958056062693685817
0.294073014749966332725961137839
0.271021332778233814408963553433
0.270856449779171448710712866159
0.179150268347218283304655983557
0.260012158015186733983625799738
0.528370391589046084490632892994
0.450287085831691635817719543411
0.54125632289579084233110961577
0.52914441328283090548723066604
0.479326173470683680744031107679
0.427177255051536142183010724693
0.0489771673027653425824823330004
0.322476585266407822505385638578
0.2014224384827371094885961611
0.369478211728452188289395508036
0.360114598414724096375749695653
0.245855274367576676075586306069
0.365062085494937238472346052731
0.30915336523619374453630825883
0.423864406464973642041371704181
0.336535927194584971733348766065
0.483946292178472015077517198733
0.330538638322148470294337130326
0.325722218833668586412954937259
0.273864299939724331611756724669
0.249071640790610976390340169928
0.308355222132683848279555149929
0.174165639687849649330786405699
0.332442787462732758374528430068
0.232658792156757193714256004569
0.542480283594413359438135557866
0.0870987701608171710487837913206
0.536056629037403920001736423728
0.160040991409099497833068426189
0.532344153375810535955281466158
0.202259802139190397740620142031
0.492680465621611995974404862864
0.185982450601972604253830922971
0.566112442286874517627381919738
0.110947101290216842972569111225
0.330615073293443528790191976441
0.0846502500012887015845564064875
0.360115626856415793621835064187
0.0882765643141392164494618555182
0.29348746985490892225101333679
0.093791874831555516189851573472
0.263155569551050960708238335428
0.14149247162410405476151709081
0.287387083530695475186433895942
0.365695531256758965543696149325
0.413560723477191749530845754634
0.359287914637006988716194655353
0.360431581258403688217129001714
0.421599889087882651050875892906
0.550664585824021002302686156327
0.409309182368602031409920982696
0.493456375559417903531311822007
0.477678162359364999467459256266
0.529890427583307621617336735653
0.197592758613187841065794714268
0.417109307787058791738843410712
0.280882679176329419501456641228
0.510488977320339043508568011021
0.283520166440761833825945359422
0.394512193857986581679853088644
0.253994241391453823286639135404
0.354223101136688867107693567959
0.318457724201304026578895900457
0.453534138401976261167902748639
0.216335268187064916345363485561
0.460844384911713589314530281627
0.42188413985058098587543895519
0.413601168789291595562218617488
0.146900201661359058880051975393
0.456956065312238202125172392698
0.319896210516554591052340583701
0.225762170931926881012330454723
0.284510637826050127863197758415
0.241373230252562881448241682847
0.316684630645355236211457850004
0.24944234229102094091423680311
0.236540172682229155043387436308
0.481811155943085045461060644811
0.219732068408169833872989329393
0.436882365656046767199427449668
0.448451539891361217193832544581
0.43783379466074295871536037339
0.117494671137920655978881256942
0.466302043259569531929997765474
0.167926099919252835857008676612
0.434418530505346844883263202064
0.16479639999835854480281227552
0.482067971360632285815484010527
0.308797162054590124125041938896
0.488507683222998090322164443933
0.269043610213414496890038662968
0.170700366567438116538468761973
0.491113487972425211136595635253
0.320175162374189470337881857631
0.388103618039082998159017279249
0.389190252004543102426481482325
0.398643444892997911299659108408
0.358666891100435702988136199565
0.401280737504645490520971407022
0.449798925176202679665493633365
0.364530197854503079657462194518
0.471198357184339444714282763016
0.42971276545279624148321317989
0.471910941345089429699299898857
0.348912148964255763861075365639
0.439588096891782187380925961406
0.424655938835275748033382114954
0.384043836655714398986560809135
0.280698788672679111488861281032
0.429365444997326095588618954935
0.298338469940073791608625697336
0.481669754629810542567724951368
0.278880560390660781067140305822
0.456481851609285282922456872257
0.33504217130793817469580631041
0.485611867079513537248658394674
0.272003530144662331036187197242
0.463794033032920272052734844692
0.264503362323178059511974424822
0.450181587243460745728640404195
0.288383526089312502982409114338
0.46901970920734603609503210464
0.242996982232861175043936441398
0.4574868927811915897407857301
0.240552039234173481441203534814
0.403932798110501478650036233375
0.208158926431573326754076447287
0.394061921239082124657215899788
0.25958248838716480033639300018
0.451999881429594019266460236395