38.3402262527452180052023322787
19.9118507419652459589087811764
34.6835218376900229486636817455
13.4800465649698146819446264999
5.2037293789018441714233631501
24.0944900029145756548132339958
2.20294724516820306092768078088
32.2474632983654387885508185718
0
0
2.3198215863538758085837798717
0
6.05153016784923192261658186908
13.2750480796148035977921608719
0
15.4742118351608226589632977266
0
24.2481818050093664851374342106
0
68.1540763565874527785126701929
4.42414201021957076420676457928
0.0608591326506864177536826332471
0
0
0
0
0
0
3.76264184466482198843095829943
35.0349462770778785625225282274
2101.31976007743605805444531143
0
0
0
0
89.2794746869359130414522951469
114.007064983216167775026406161
37.1007075255026066429309139494
0
20.6821818647047059869237273233
9.44861881861000973970021732384
43.630024325674121143947559176
25.2017076464247224976134020835
0.236802394296958040875722417695
0
0
0
0
7.25817487482720657965273858281
0
17.6248300332722074301727843704
0
0
0
0
0
0
0
0
0
0
0
0
0
0
0
37.7523295113564856251286983024
52.5354355324929187531779462006
57.5880814964260778765492432285
48.1182553909267411995642760303
20.3970123520669908145919180242
19.4041635719675618076962564373
21.2599713980299398485840356443
28.2769595475104331683269265341
23.4204185536487941021732694935
32.2107337159025632900011260062
23.2219624570426610432605230017
0
66.5840879788244990322709782049
47.4451447637232064380441443063
14.9579387000685173347847012337
32.7962505736201137551688589156
0.383453846375487850117735888489
1.09653726139633111991145142383
1.86835990838227550270289611944
0
0
0
0
0