-0.00887445
   0.173036
   -0.30579
  -0.292088
  -0.542567
  -0.765437
  -0.626959
   0.463194
  -0.589362
    1.18165
  -0.552044
   0.203485
  -0.469514
  -0.110674
   0.011749
  -0.154642
  -0.388191
 -0.0500838
  -0.135816
  -0.265885
  -0.512489
  0.0453399
  -0.418633
  0.0977113
  -0.327671
  -0.193749
  -0.176184
 -0.0529275
  -0.163897
   0.313262
  -0.531056
   0.352849
   -2.17489
  -0.299914
-0.00201748
   0.307898
   0.122289
    0.79367
  0.0453322
    0.68898
 -0.0942632
   0.119756
  -0.200802
  -0.386235
  -0.190556
   -0.71433
  -0.801149
  -0.415864
   -1.10785
  0.0419937
   -1.86002
   0.522156
  -0.569871
   0.478753
  -0.415931
  0.0649137
  -0.212833
   0.333688
  -0.428197
   0.262074
   -3.19735
   -1.44679
  -0.206129
   0.242655
  -0.458786
   0.171884
   -2.07258
  -0.674052
   -1.72572
   -1.35475
   -2.68985
   -3.18893
    -2.1507
   -4.23801
   -1.41383
   -4.76526
 -0.0344669
   -2.39702
  -0.247444
  -0.703981
   -0.79896
 -0.0380523
   -1.51975
   -0.62491
   -1.04547
  -0.161545
  -0.481405
  0.0222248
    -1.0684
   -0.30496
   -1.73823
  -0.609479
   -1.09298
 -0.0831872
  -0.312508
   0.382191
  -0.899762
  -0.861651
  -0.417016
 -0.0770873
  -0.124497
   0.162409
   0.137042
   0.287816
  -0.499335
 -0.0809026
  -0.733923
  -0.326482
 -0.0276676
   0.133936
  -0.032203
  -0.123114
  0.0989905
   0.166326
  -0.286035
 -0.0841226
  0.0213279
  -0.296055
   0.184831
  -0.052207
 -0.0502183
   0.265941
  -0.858987
  -0.214203
  -0.879113
  -0.555536
   -1.00724
   -1.13808
   -1.49065
   -1.37857
   -1.00571
  -0.790065
   -1.42486
    -1.7408
  -0.378729
  -0.895103
  -0.230918
  -0.617881
  -0.371366
  -0.296717
    -0.4997
  -0.411852
  -0.392926
  -0.845126
 -0.0934088
  -0.444152
   0.226395
  -0.232177
   0.346574
   0.103039
  -0.961477
   -1.95079
   0.143924
  -0.462932
  -0.284413
  -0.539389
   0.130226
   -0.49633
  -0.427973
   -3.96146
 -0.0645573
   -2.79141
    -5.1426
   -7.84704
   -1.98962
    -1.9814
   -1.40572
   -1.77221
   -1.02562
   -1.16668
  -0.475583
   0.346816
  -0.874448
   0.246893
  -0.948069
  -0.155347
 -0.0318539
  -0.279855
  0.0997165
   0.172924
  -0.497941
  0.0065291
   -2.32466
   -2.38649
   -3.07791
   -2.60154
    -1.8946
    -0.7041
   -2.39853
   -1.08423
    -1.3758
  -0.118749
  -0.247788
   0.235345
  -0.375353
   -1.04899
    -1.2635
   -3.15431
   -3.19436
   -6.73014
   -2.41778
   -5.82068
   -2.40577
   -4.59921
  -0.653718
   -1.32311
  0.0893947
  -0.189363
   0.259113
   -0.18118
    0.12645
   -1.52282
  -0.590793
    -3.0025
   0.317274
   -0.52278
  -0.208944
   -1.04405
   0.146281
   -1.24285
  0.0292983
   -1.39492
  -0.608076
    -2.7915
    -1.0054
   -3.23158
   -1.04551
 -0.0485747
   -1.46133
   -0.18467
   -2.36454
   -2.21308
   -3.94841
    -5.0386
   -1.88907
   -1.11571
  -0.738913
  -0.428395
  -0.241452
   -1.28744
  -0.816666
   -7.02393
  -0.553487
   -9.40599
   0.187926
   -2.16619
   0.473118
  -0.876807
  -0.669632
   -1.06839
   -1.71597
   -1.68937
   -1.56552
   -2.38634
    -2.2697
   -6.79149
   -1.37149
   -3.57434
  -0.845008
   -3.31705
  -0.222654
   -3.20764
  0.0582487
   -4.56375
   0.766701
   -4.70282
    1.73469
    -8.0189
    1.87995
   -4.57422
    1.69891
   -3.26595
    1.23644
   -2.30369
    0.70927
   -2.99557
  0.0152184
  -0.557811
  -0.389051
  -0.381631
  -0.414346
  -0.164858
   0.320266
   -2.87365
   0.397455
   -2.05751
    0.23102
   -1.17834
  0.0388832
   -1.58562
  -0.390546
   -3.14513
   -0.25884
   -2.44127
  0.0188074
  -0.510495
   0.143151
  -0.152651
    0.42417
  0.0280597
    1.09099
   -1.79162
   0.533427
   0.300323
   0.919734
    -3.0529
   0.665583
 -0.0353819
   0.819559
   -2.28796
   0.633748
  -0.170196
   0.311878
   -7.11282
   0.457604
   -2.11112
   0.578459
  -0.625849
    0.47239
 0.00952538
  -0.159948
   0.111076
  -0.283658
 0.00112715
 -0.0316079
   0.292762
   0.252848
  -0.192418
     0.3507
  0.0240281
   0.554811
  -0.996323
   0.765407
  -0.541029
 -0.0834938
   -1.88838
  -0.719879
   -3.36741
   0.112149
   -2.91769
  -0.012921
   -0.27946
   0.471547
   -1.87233
   0.260343
   -2.48562
    0.41835
   -3.65841
  -0.203781
    -2.2598
   0.173246
   -1.68527
   0.558289
   -1.78614
   0.828542
   -1.81054
    1.38381
   -2.41481
   0.301786
  -0.536079
     0.4375
  -0.312918
   0.327635
 -0.0765305
    1.98053
    -2.2152
    0.41102
  -0.772043
   0.218719
  -0.426554
    2.42284
   -2.99422
   0.075649
  -0.562704
    2.64991
   -2.97375
   0.136674
  -0.574345
  -0.212223
  -0.118829
   0.233003
  -0.588696
   0.720544
   -1.32868
   0.668189
   -1.28736
    1.86414
   -1.99897
   0.279392
  -0.211032
    0.79397
 -0.0203956
    2.02959
   -0.72332
    2.59734
   -1.12534
    0.27545
   0.238082
   0.718367
  -0.201603
   0.125888
   0.218169
    0.65082
  -0.286514
   0.229407
  0.0458098
  0.0234291
     0.2538
     1.0028
  -0.357395
    1.16649
  -0.514568
    1.32841
   -1.11589
   0.402775
  -0.383555
   0.280061
   0.116807
   0.821023
  -0.346195
   0.245881
  0.0971971
   0.430877
  0.0163692
    1.21322
    -0.9955
    1.22271
  -0.200848
    2.62947
  -0.497143
   0.796746
 -0.0567784
   0.912881
   0.192538
   0.992208
   0.654337
   0.965201
      1.102
    6.47828
   -1.29376
   0.956459
  -0.183997
  -0.384923
     0.3127
  -0.334455
   -3.31869
   0.124307
   -3.65963
  -0.327442
  -0.110113
  -0.119858
   -0.34231
   0.376494
   -0.72716
   0.014169
   0.399695
   0.211174
  -0.150842
   0.388924
-0.00412646
   0.400482
   0.367133
   0.384049
   0.167171
   0.346772
   -1.33784
   0.318845
 -0.0365741
   0.652919
  -0.553481
    1.09416
  -0.340599
   0.589912
  -0.212175
   0.150448
   0.162737
   0.250105
  -0.422598
   0.655001
  -0.116997
    -0.1017
  -0.832052
  0.0379973
  -0.828572
   0.191958
  -0.626841
   0.166065
  -0.102079
 -0.0472217
   0.280625
  -0.124448
   0.594249
 -0.0275991
   0.775381
     1.0004
    0.21278
    1.29604
  -0.186987
    1.18491
  -0.344217
    1.07869
    1.16609
  0.0428891
    2.33283
  -0.104191
  -0.515111
 -0.0600261
   -1.17991
  -0.752575
   -2.28761
    0.40667
  -0.457181
   0.241981
   -1.21823
 -0.0124073
    -1.2546
  0.0199475
  -0.826005
   -1.29644
   -0.91392
   -6.34403
   -5.08623
   -2.43921
   -11.1648
 -0.0668963
   -13.5032
   -0.17285
  -0.670642
  -0.142943
  -0.433014
   0.366997
    1.10521
   0.190108
  -0.191881
    -2.1233
   -2.51565
  -0.227782
  -0.249501
   -4.53513
   -3.12353
   -0.19153
  -0.354209
   0.189701
   0.560673
   -1.70906
  -0.046895
   0.103205
   0.376595
  -0.569053
  -0.796391
   -1.23663
   -1.61432
  -0.693511
   0.100262
   -1.51452
   -7.45083
  -0.285197
   0.209758
  -0.307501
   -0.76469
  -0.377911
  0.0606473
   0.057012
   0.457494
     3.8595
   -3.50109
    9.08384
   -6.12811
   -1.21994
  0.0610864
  -0.252375
   -7.25539
  -0.101862
   0.295556
    5.46588
   -6.78438
    1.94182
   -3.65301
 -0.0235295
  -0.746205
    1.49249
  -0.259767
     7.5263
   -6.19513
    1.20255
  -0.229537
  -0.930028
   -13.0316
  -0.477108
   -1.64735
    4.74707
   -8.05766
    8.51473
   -7.69701
   -4.30075
   -11.9234
   -2.76569
  0.0704313
  -0.682753
   -6.18825
  -0.647308
   -1.16246
    1.08474
    -2.5975
   -1.63737
  -0.968473
    4.32033
   -2.12209
   -1.21175
   0.651736
    4.71885
   -3.84648
   -3.69532
   -2.69606
   -1.06809
   0.543123
   -7.58044
   -4.61374
   -5.69055
   -4.58434
   -1.06309
   -16.2196
    12.1081
   -13.2946
    9.66656
   -14.2513
   0.107491
  -0.720563
  -0.100574
  0.0934286
 -0.0936495
   0.119252
 -0.0767405
   0.083636
 -0.0583004
 -0.0592942
 -0.0526755
  -0.207541
  -0.836081
   -0.87668
   0.160233
   -1.34448
    0.10922
  -0.829402
  -0.260595
  0.0721217
   0.196837
  -0.713978
   0.230423
   -1.09417
   -1.00459
  -0.729444
   -1.17214
   -1.38538
  -0.394077
   -1.47577
  -0.294698
    -1.6243
  -0.280196
   -1.19169
   -1.90592
   -1.93008
  -0.780258
   -2.30504
   -2.05795
   0.167743
   -1.51302
   0.518372
  -0.324016
  -0.216808
   -2.37848
   -1.97915
   -1.18444
   -1.22333
    -1.6606
   -1.72164
  -0.618199
  -0.885662
   -1.33686
   -1.22733
  -0.551009
  -0.750764
   -2.72249
   -2.34445
   -7.28939
   -7.14558
   -1.70474
   -1.52375
    1.22861
  -0.771631
  -0.559035
   -1.02062
   -1.32201
   0.596824
   -1.83262
   -1.47995
   -1.43055
   -1.11261
   -1.30904
  -0.891972
  -0.901615
  -0.698085
  -0.867416
   -1.00593
  -0.899955
   -1.65869
   -1.50226
   -3.46023
  -0.721498
     -4.651
  -0.917995
   -3.11015
  -0.781344
   -1.90655
   -1.79469
   -5.56709
  -0.409392
   -1.21736
  -0.167756
  -0.740401
  -0.237834
   -0.76384
  -0.236734
  -0.632589
  -0.546797
   -1.07034
   -1.26305
   -1.39364
   -1.54588
   -1.48277
  -0.444603
   -2.98556
   -1.52916
   -1.84235
   -2.35611
   -2.61771
  -0.526573
   -1.13279
    -1.8001
    -3.1715
    -1.5473
    -2.0083
   -1.07939
   -1.40385
  -0.598446
  -0.844324
  -0.518538
   -1.20105
   -1.11428
   -1.08203
  -0.322693
   -1.05226
  -0.548242
    0.60993
  -0.585818
  -0.421255
  -0.392906
  -0.279416
  -0.418272
  -0.811205
  -0.312887
  -0.798536
  -0.691795
  -0.672811
    -0.1651
  -0.642093
   -0.28328
  -0.788949
  -0.434276
    -1.2873
   -0.85791
   0.400019
  -0.882478
  0.0372181
  -0.785927
   0.992368
  -0.599523
  -0.589375
  -0.751199
  -0.652247
   -1.12801
   -1.25113
  -0.872277
   -1.11814
  -0.875226
  -0.966157
   -1.00581
    -1.2196
  -0.651145
  -0.581891
  -0.778107
   -1.02674
   0.302486
   -1.23349
  -0.207674
  -0.320083
  -0.388543
  -0.570237
   0.352952
   -0.63023
   -0.10456
  -0.159468
  -0.104504
  -0.181546
  -0.234188
  -0.538295
  -0.812344
    -1.2397
  -0.309498
  -0.603906
  -0.375693
   0.112027