  -0.256182
   0.200077
  -0.257367
   0.193569
  -0.225996
   0.173398
  -0.176231
   0.150851
  -0.241616
   0.147189
  -0.263626
    0.13727
  -0.252882
  0.0624093
  -0.246723
  0.0587533
  -0.237893
  0.0639322
  -0.234455
  0.0490777
  -0.212131
  0.0529852
  -0.228318
  0.0400433
  -0.220599
  0.0192481
  -0.209406
  0.0136953
  -0.215323
 0.00866975
  -0.239147
  0.0166172
  -0.264431
  -0.120104
  -0.273149
  -0.124465
  -0.318349
  -0.114219
  -0.374593
 -0.0973269
  -0.387192
 -0.0999514
  -0.386332
    -0.1057
  -0.316654
  -0.123832
  -0.254966
   -0.13609
  -0.272447
  -0.207813
  -0.431294
  -0.285635
  -0.649328
  -0.401076
   -0.65679
  -0.403135
  -0.691251
  -0.381887
  -0.708851
  -0.385402
  -0.720685
  -0.414087
  -0.743093
  -0.404704
  -0.757761
  -0.407844
  -0.764416
  -0.438855
  -0.713589
  -0.612908
  -0.678362
  -0.605492
  -0.637006
  -0.617723
  -0.495045
   -0.58021
  -0.350655
  -0.511982
  -0.249299
   -0.44472
  -0.266989
  -0.469704
  -0.349111
  -0.527066
  -0.387897
  -0.551957
  -0.427401
  -0.563858
  -0.407346
  -0.588909
  -0.459651
   -0.62905
  -0.498855
  -0.650739
  -0.546669
  -0.665342
  -0.544594
  -0.674991
  -0.556384
  -0.677482
  -0.591242
  -0.671833
  -0.620834
  -0.647139
  -0.627533
  -0.650503
  -0.621965
  -0.686748
  -0.627683
  -0.691901
  -0.667482
  -0.660912
  -0.672087
  -0.641206
  -0.686147
  -0.647634
  -0.692404
  -0.641474
   -0.68551
  -0.613497
  -0.701864
   -0.61012
  -0.713437
  -0.616097
  -0.709248
  -0.658598
  -0.689452
  -0.669914
  -0.643157
  -0.709876
  -0.639984
  -0.739547
  -0.617836
  -0.762955
  -0.598028
  -0.776272
  -0.566242
  -0.772583
  -0.559167
  -0.782662
  -0.564446
  -0.789988
  -0.537941
  -0.816777
  -0.514245
  -0.807898
  -0.506546
  -0.805256
  -0.510808
  -0.790243
  -0.549523
  -0.752205
  -0.532925
  -0.730575
   -0.52348
  -0.724794
  -0.516236
  -0.732652
  -0.483443
  -0.706534
  -0.380148
  -0.603121
  -0.355501
  -0.613961
  -0.356141
  -0.672027
  -0.342966
  -0.710986
  -0.320978
  -0.742968
  -0.376895
  -0.755917
  -0.419232
  -0.770237
  -0.472715
  -0.817477
  -0.483573
  -0.818101
    -0.4813
  -0.804687
  -0.506416
  -0.804768
  -0.507289
  -0.840296
  -0.591315
  -0.836416
  -0.659423
    -0.8597
  -0.706279
  -0.883242
   -0.76738
  -0.923915
  -0.789382
  -0.940701
  -0.791385
  -0.949077
  -0.728327
  -0.940063
  -0.661933
  -0.936381
  -0.556823
  -0.910276
  -0.505635
   -0.91848
  -0.453998
  -0.950216
  -0.443797
  -0.947843
  -0.436694
  -0.941614
  -0.436057
  -0.919888
  -0.455888
  -0.855939
  -0.411504
   -0.82937
  -0.437327
  -0.815402
  -0.402829
  -0.787337
  -0.354827
  -0.770263
   -0.30145
  -0.755832
  -0.228489
  -0.761609
  -0.259365
  -0.765041
  -0.285058
  -0.808223
  -0.326065
  -0.836521
  -0.401311
  -0.898069
  -0.440986
  -0.948995
  -0.455119
         -1
  -0.432964
         -1
  -0.401602
  -0.991903
  -0.248277
  -0.888531
  -0.209101
  -0.862818
  -0.173203
  -0.825178
   -0.12171
  -0.795585
  -0.179619
  -0.844459
  -0.203618
  -0.896119
  -0.201404
  -0.929416
  -0.177954
   -0.96742
  -0.132597
  -0.999997
 -0.0971296
   -1.00001
 -0.0354294
  -0.999987
  0.0386377
  -0.992831
  0.0865761
  -0.961119
   0.120665
  -0.900239
   0.119529
   -0.83966
  0.0955384
  -0.790509
  0.0490942
  -0.762778
-0.00312814
  -0.756887
 -0.0461369
  -0.763163
  -0.110429
  -0.780309
  -0.131344
  -0.770339
 -0.0225036
  -0.741656
 -0.0148201
  -0.727341
 0.00173693
  -0.725358
  0.0323733
  -0.730263
    0.14413
  -0.769238
    0.17126
  -0.773746
   0.181615
  -0.771516
   0.181744
  -0.758917
    0.14761
  -0.738773
   0.142267
  -0.699282
  0.0711603
  -0.698051
  0.0881495
  -0.652219
  0.0283929
  -0.643701
   0.057674
  -0.593149
 0.00262119
  -0.592275
    0.10319
  -0.575687
   0.129865
  -0.562212
   0.135754
  -0.529356
   0.117723
  -0.524321
   0.119146
  -0.542891
   0.100091
  -0.552754
  0.0651755
  -0.549103
   0.040053
  -0.538228
  0.0079328
  -0.521555
 -0.0311874
  -0.495192
 -0.0476599
  -0.454333
  0.0610957
  -0.508919
   0.175319
  -0.541804
   0.199042
   -0.55185
   0.202298
  -0.544201
   0.251636
  -0.551103
   0.278785
  -0.590926
   0.303236
  -0.650128
   0.355443
  -0.676428
   0.377848
   -0.67865
   0.437308
   -0.67165
    0.45631
  -0.659724
   0.507483
  -0.647482
   0.498513
  -0.637886
   0.506656
  -0.628606
   0.502779
  -0.608594
   0.515129
  -0.601875
   0.534344
  -0.604563
   0.550656
  -0.585772
   0.580488
  -0.591354
   0.600268
  -0.583351
   0.609634
  -0.591115
   0.611863
  -0.614117
   0.618227
  -0.614392
   0.659462
  -0.600753
   0.688004
  -0.606959
   0.730165
  -0.594982
   0.745425
  -0.587527
   0.747213
  -0.572084
   0.728732
  -0.534485
   0.707026
  -0.520442
   0.661476
  -0.431755
   0.646344
  -0.436758
   0.638554
  -0.422495
   0.622308
  -0.429081
   0.627343
  -0.413813
   0.615822
  -0.409971
   0.596188
  -0.421318
   0.576547
  -0.412971
    0.57742
  -0.399971
   0.605553
  -0.393603
    0.60459
  -0.375539
   0.592168
  -0.369828
   0.597143
  -0.358695
   0.580684
  -0.349488
   0.581303
  -0.339697
   0.615924
  -0.331156
   0.577477
  -0.262528
   0.582875
  -0.244039
   0.568502
  -0.217799
   0.548672
  -0.193682
   0.479793
  -0.188633
   0.391872
    -0.2192
   0.178299
  -0.276463
   0.141093
  -0.293507
   0.141812
  -0.316374
   0.209043
  -0.433317
   0.200513
  -0.441812
   0.204083
  -0.467476
   0.189492
  -0.474331
   0.182855
  -0.461453
    0.14761
  -0.475549
   0.067084
   -0.47359
 0.00362437
  -0.453445
 -0.0429917
  -0.430517
 -0.0441298
  -0.414381
 -0.0311951
  -0.390796
 -0.0445118
  -0.384815
 -0.0453608
  -0.264388
 -0.0515106
  -0.220013
 -0.0588897
  -0.204218
 -0.0670687
  -0.206069
 -0.0686023
  -0.165573
 -0.0793261
  -0.139517
 -0.0108117
  -0.140478
  0.0311203
  -0.134467
  0.0471457
  -0.122379
  0.0405216
  -0.118599
  0.0188428
  -0.127277
 -0.0203684
  -0.131021
 -0.0598348
  -0.129375
 -0.0702519
 -0.0271475
 -0.0563596
  0.0292299
  -0.021541
   0.117694
  -0.125547
    0.14107
  -0.153676
  -0.764283
  -0.182492
  -0.820235
  -0.255512
  -0.816392
  -0.255823
  -0.811553
  -0.217817
  -0.781867
  -0.202301
  -0.774088
   -0.16534
  -0.767211
  -0.188771
  -0.140098
  -0.600519
  -0.467649
  -0.130555
  -0.595634
 -0.0185363
  -0.869109
  -0.285041
  -0.127007
  -0.211786
  -0.806418
  -0.190534
   0.171599
   0.615559
  -0.602435
  -0.606691
  -0.705049
  -0.613942
  -0.665898
  -0.646906
  -0.426214
  -0.486623
    -0.8335
  -0.223213
   0.186144
  -0.185687
-0.00604472
   -0.24122
   0.193767
  -0.538711
  -0.793421
  -0.547063
  -0.705131
  -0.210916
  -0.782113
  -0.161851
  -0.736692
  -0.169101
  -0.768397
  -0.351246
  -0.114728
  -0.200208
  0.0334873
  -0.295428
  -0.118007
   0.642657
  -0.561165
   0.532884
   -0.34168
  -0.258222
   0.099763
  -0.029578
   -0.68654
  -0.175849
  -0.796685
   0.474745
  -0.569209
    0.23993
  -0.458229
 -0.0454481
  -0.138689
   0.686603
   -0.48072
   0.512912
  -0.402773
   0.674041
  -0.456243
 -0.0685054
  -0.829293
  -0.129657
  -0.424336
   0.374615
  -0.613109
   0.546865
  -0.473778
  -0.246455
  -0.690821
  -0.248864
 -0.0348481
 -0.0820085
  -0.730368
  -0.126852
  -0.249175
   0.230201
  -0.508336
  -0.129777
 -0.0817548
   0.532721
  -0.243974
  -0.128127
  0.0692999
   0.611239
  -0.477573
  -0.559619
  -0.396504
   -0.19568
  0.0981547
  -0.746227
  -0.514258
  -0.707528
  -0.557499
 -0.0680414
  -0.934542
   0.341012
  -0.360288
   0.351161
  -0.496739
  -0.140632
  -0.809621
  -0.149723
  -0.789869
  -0.133002
  -0.785398
  -0.163951
  -0.793502
  -0.130191
  -0.796323
    -0.1579
  -0.810479
  -0.221523
  -0.817705
  -0.243591
  -0.792865
  -0.179157
   -0.79645
  -0.188214
  -0.774635
  -0.198733
  -0.802425
  -0.154501
  -0.788784
  -0.225636
  -0.175665
  -0.145413
  -0.190281
  -0.126925
  -0.493403
 -0.0772787
  -0.483216
 -0.0957268
  -0.450323
  -0.463018
   -0.46277
  -0.128092
  -0.373898
  -0.543078
  -0.345673
  -0.596563
  -0.374176
  -0.563334
  -0.369903
  -0.457769
  -0.378737
  -0.200334
  -0.230395
  -0.295485
  -0.330694
  -0.190783
  -0.294415
  -0.266511
  -0.270154
   -0.17432
  -0.260586
  -0.528601
  -0.445723
  -0.546623
  -0.523013
  -0.478203
  -0.422716
 -0.0452673
  -0.324084
  -0.198526
  -0.370139
  -0.355882
  -0.243773
  -0.361373
   -0.30658
  -0.420853
  -0.332933
  -0.481362
  -0.326423
  -0.321482
  -0.272183
  -0.245054
  -0.307891
  -0.170573
  -0.333193
  -0.232818
  -0.552794
 -0.0877296
  -0.542684
  -0.160197
  -0.540558
  -0.201886
  -0.498083
  -0.186081
  -0.579723
  -0.107385
  -0.331994
 -0.0817816
  -0.361829
 -0.0840014
   -0.29483
 -0.0890068
  -0.264368
  -0.137077
  -0.288326
  -0.363327
  -0.410547
  -0.356202
  -0.357745
  -0.421778
  -0.545964
  -0.408448
  -0.489262
  -0.479577
  -0.524478
  -0.195709
   -0.41876
  -0.281016
   -0.51849
  -0.280826
   -0.39349
  -0.250732
  -0.353763
  -0.316397
  -0.451423
  -0.215357
  -0.464241
   -0.41991
  -0.409659
  -0.146007
  -0.460402
  -0.315267
  -0.224522
  -0.279728
  -0.240663
  -0.312174
  -0.248084
  -0.236061
  -0.486854
  -0.218196
  -0.438941
  -0.447182
  -0.433508
    -0.1169
  -0.470042
  -0.166507
  -0.436919
  -0.164318
  -0.486687
  -0.308949
  -0.496477
  -0.263485
  -0.171135
  -0.488531
  -0.316057
   -0.38554
  -0.385887
  -0.395736
  -0.355325
  -0.399676
  -0.445984
  -0.362863
  -0.467899
   -0.42882
  -0.467581
  -0.346791
  -0.436806
  -0.422263
  -0.380216
  -0.278446
   -0.42853
  -0.296359
  -0.479733
   -0.27683
  -0.455556
  -0.333307
  -0.482818
   -0.26996
  -0.462923
  -0.262615
  -0.450248
  -0.286364
  -0.467582
  -0.241954
  -0.460628
  -0.238217
  -0.404303
  -0.205747
     -0.395
  -0.258543
  -0.455164