  0.387602
  0.373151
      0.25
  0.245761
  0.639198
  0.510248
-0.0152535
  0.301261
  0.411586
  0.570362
  0.452487
  0.571695
  0.408672
  0.410437
  0.249992
   0.24962
      0.25
  0.249628
      0.25
      0.25
  0.244193
   0.24416
  0.256743
  0.234823
 -0.245102
 -0.017251
  0.239538
  0.256638
  0.245289
  0.241516
      0.25
  0.236706
  0.570116
  0.218916
  0.563287
  0.545056
   0.57765
  0.563453
  0.372648
  0.552249
-0.0318243
  0.493709
  0.525555
  0.249552
      0.25
      0.25
  0.247273
      0.25
   0.31544
  0.320582
  0.234093
   0.28493
      0.25
  0.239454
      0.25
  0.253204
      0.25
  0.561382
  0.278447
 -0.279515
  0.696135
  0.693564
  0.249893
      0.25
      0.25
  0.566616
      0.25
  0.212902
  0.210464
  0.241294
  0.574629
   0.25716