    -3.32442
    -1.21427
   -0.122043
    -2.79828
    -1.29831
   -0.151043
    -1.56828
   -0.850189
    0.135519
    -1.74671
   -0.790653
    0.224235
    -3.24992
   -0.911566
    0.250527
    -1.71015
   -0.277627
  -0.0573581
    -3.15185
     -1.9165
   -0.387262
    -3.12563
    -2.09798
    0.127958
     -1.4587
   -0.404627
   -0.274484
    -2.05425
   -0.801345
   -0.498253
    -3.58285
    -1.14995
    0.612387
    -2.25071
    -1.12611
    0.585179
    -2.34984
    -1.91678
   -0.125803
    -3.55867
   -0.335913
    0.246707
    -1.53367
    -0.93153
   -0.417207
    -1.52325
   -0.996975
    0.427495
    -3.46061
   -0.537349
    0.746569
    -1.15936
  -0.0968601
   -0.220713
    -3.64026
  -0.0114981
   -0.217605
    -2.54238
     -2.0823
   -0.544936
    -3.60849
    -3.40057
    0.272824
    -1.80015
   -0.286745
   -0.436104
    -2.62705
    -0.92532
    0.783899
     -2.4075
    -2.05509
    0.511115
    -1.80745
   -0.973765
   -0.625718
     -2.4088
  0.00536614
    0.378754
    -1.74192
   -0.389646
   -0.579723
    -2.80193
    -2.97253
   -0.122935
    -2.96807
    -1.96599
     1.08802
    -2.66851
    0.357865
   -0.142132
    -1.41233
    -1.23681
   -0.512661
    -2.51355
    0.295997
    0.204506
    -1.82902
    -0.63506
    0.629528
    -2.82704
    -3.08605
    0.549484
     -1.2471
   -0.391907
   -0.483503
    -2.32278
    0.166072
   -0.492144
    -2.05954
    -2.19829
   -0.540316
     -3.0709
  0.00990671
    0.842185
    -1.59009
    -1.54844
    0.613157
   -0.959994
   -0.852407
     -0.4231
   -0.549644
   -0.247023
    0.312412
   -0.889229
   -0.458525
   -0.400691
    -2.76943
    -3.47523
     0.23361
    -1.11765
    -1.34729
   -0.146002
      -1.972
     0.42956
    0.355786
    -2.39834
     0.56662
   -0.588909
   -0.930069
    -1.01862
    0.479188
    -1.73163
    -1.80453
    0.755197
   -0.433156
   0.0284727
   -0.268175
    -1.72458
    -2.45422
 -0.00460248
    -1.01705
   -0.531896
   -0.520084
    -1.52379
   -0.799363
    0.783801
    -1.03318
   0.0189396
    0.562459
    -3.19979
     1.18097
   -0.209731
    -2.20592
    0.829204
    0.209976
    -1.65413
    -1.90048
   -0.812468
    -1.68643
     -2.3211
    0.640066
    -2.16708
    -3.19183
    0.466896
    -1.03278
    -1.03716
    0.540564
    -3.22597
    -4.95276
   -0.497959
    -2.07927
    -2.30804
   -0.959032
    -1.32726
    0.397179
    0.508609
    -1.86275
    -2.85099
   -0.566752
   -0.862159
 -0.00156851
   -0.437276
    -1.16544
   -0.870339
   -0.601379
    -1.45073
    -1.39757
    -0.69607
    -1.11736
    -1.01408
    0.723487
   -0.768342
    -0.14521
    0.485955
   -0.951229
    -1.54513
     0.14085
    -1.20879
   -0.735279
    0.552898
   -0.732825
    -1.12044
   -0.348692
    -1.10567
    -1.31079
    0.668824
    -1.48397
   -0.717091
   -0.745674
    -1.92605
    0.960035
    0.410017
     -1.0899
     -1.6992
   -0.688328
    -3.94753
     1.91225
   -0.884511
   -0.808817
    0.099456
    0.464201
    -1.64329
    -1.86583
    0.614028
    -1.97293
    -1.41003
    0.661664
    -1.60391
   -0.017215
   -0.753837
    -2.14904
    -2.33714
   -0.537009
    -2.45096
    -1.62701
   -0.669211
    -2.45068
     1.69675
   -0.262948
    -1.49463
    0.583247
    0.702034
    -1.50354
    -1.60612
    0.141864
    -1.79423
    -3.40639
     0.75774
    -2.31116
     1.56706
    0.256596
     -1.1082
    0.564511
   -0.555091
     -1.7535
     -2.7681
    -1.05018
    -1.18355
    -0.24163
    0.576956
    -3.09197
      -6.515
   -0.373889
    -1.38468
    -2.00164
   -0.487181
     -3.1647
    -6.75231
    0.188729
    -2.15685
    -4.44401
      0.5702
    -2.51484
    -5.12645
   -0.852779
    -2.83538
    -1.44842
    0.215701
   -0.463779
   -0.847591
    0.385152
    -3.10944
   -0.902609
    0.913292
   -0.852293
    -1.38339
    0.243783
    -1.61742
    -2.54584
    0.689741
     -1.8288
    -0.79378
   -0.476143
   -0.876729
     0.36793
   -0.501302
     -1.1348
    -2.23778
     0.61933
    -1.24199
    -1.95341
   -0.139857
    -1.71527
     1.22221
    0.554868
    -1.78758
   -0.182697
   -0.838234
   -0.793579
    -1.60174
    0.590399
    -2.33241
     2.31007
   -0.152025
    -2.96183
     2.53238
    -1.08846
    -1.35775
    -3.01668
    0.805186
    -1.16623
    -2.26876
    0.521811
   -0.865391
    0.235887
    0.468601
    -1.18808
    -2.45687
  -0.0956067
    -2.06706
    -5.33334
   -0.865949
     -1.0175
    0.155007
     0.61232
    -1.82334
   -0.307346
    0.266366
    -1.06621
    -2.50465
   -0.796853
    -1.05432
    -2.44425
    0.391765
    -1.40581
  -0.0768842
   -0.483367
    -1.07028
    -2.78459
   -0.820649
     -1.4404
    0.148315
   -0.851416
    -0.77121
  -0.0192753
    0.464716
    -0.46687
    -1.27239
   -0.511602
    -1.63697
    -4.80436
    0.824875
    -1.04359
      -2.791
   -0.775021
    -2.25011
    -6.96781
   -0.217304
    -2.29533
    -7.09776
    0.617225
   -0.841287
     1.20828
    0.173703
   -0.843481
     1.08676
    0.403824
    -2.11608
    -5.62711
   -0.794246
    -1.21187
     1.64292
   -0.571947
   -0.311756
    0.380038
    0.277141
   -0.371962
    0.345197
    0.362111
    -0.51014
    -1.65341
    0.496654
    -1.47931
    0.659741
    0.392089
   -0.594067
     -1.8455
   -0.480198
    -1.09841
     1.26427
   -0.901874
   -0.488935
    0.438808
   -0.537679
   -0.683923
   0.0491869
  -0.0402118
    -1.51001
     2.74125
    -0.25249
    -1.14142
    -4.45264
   -0.765817
   -0.600711
      -2.106
   -0.497327
   -0.484682
    -1.94992
   0.0898054
   -0.569487
    -2.38186
    0.566038
    -1.63223
    0.542636
   -0.615383
   -0.367988
    0.357669
    0.433224
   -0.317086
    -1.38198
    0.476839
    -1.03301
    0.456929
   -0.761822
   -0.670276
    0.100563
    0.436911
   -0.458084
    -1.83305
    0.424191
    -1.09683
    -5.12438
    0.157516
   -0.286821
    -1.28869
     0.41887
   -0.745491
    0.610191
   -0.694735
    -1.32094
    -6.56625
    0.806998
   -0.551166
    -2.59218
    0.675535
   -0.662314
    -3.17077
   -0.888589
   -0.806241
    -4.77659
   -0.270365
   -0.747226
     1.81017
    0.643684
   -0.673531
   0.0247082
  -0.0815357
     -1.0449
     2.86958
    0.253678
   -0.720051
    0.115399
     0.20241
   -0.435107
    0.201435
    0.579705
   -0.145653
   -0.944907
    0.317351
   -0.227421
    0.212004
    0.358193
   -0.525749
    -2.92809
   -0.401559
   -0.347573
    0.836929
    -0.43497
   -0.394457
    -2.43362
   -0.443861
   -0.358214
    -2.43024
   -0.664777
   -0.455789
     1.58208
    -0.55087
   -0.832619
     3.28324
   -0.393977
   -0.407233
    -3.65419
    0.121609
    -0.54757
    0.139006
    0.598838
   -0.327481
    -3.28407
    0.501698
   -0.161807
    0.544543
    0.386091
   -0.398834
    0.411175
   -0.810368
   -0.452671
    0.178278
   -0.423898
   -0.220918
     -2.7417
   0.0909132
   -0.155288
    -2.03454
   -0.642018
  -0.0760329
    -1.28125
    0.249103
   -0.154689
     -2.8317
   -0.524091
   -0.193548
     1.47078
   -0.987737
   -0.269069
     3.18538
    0.179259
   -0.133243
    -3.57453
   -0.920122
   -0.119487
     1.39069
    0.501943
  -0.0716228
    -2.21766
   -0.285902
   -0.270391
    0.315101
    0.165599
   -0.127677
    -5.42532
    -0.15019
   -0.116515
    0.336512
    0.788634
   -0.027232
    -1.06117
    0.301639
  -0.0886143
    -3.31444
    0.780623
  -0.0427001
    -1.96648
   -0.354325
  -0.0314037
    -1.67878
    0.405617
    0.131813
    -4.91443
    -1.06235
   0.0701215
    0.131783
   -0.591159
    0.139116
    -4.72911
    0.252558
     0.13989
    -4.42111
    -1.07348
    0.124645
    -3.23026
    0.865186
    0.177848
     2.72475
   -0.528206
    0.103517
    -2.55044
    0.430115
   0.0883582
    0.287015
    -0.53182
    0.153501
    0.582767
   -0.633718
    0.137725
     1.20725
   -0.675438
    0.484407
    0.316903
    0.750265
    0.135963
    0.298476
     0.56934
    0.243551
    0.892872
    0.801189
    0.176089
    -2.38991
    0.737579
    0.302852
    -3.46352
    0.452121
    0.114016
    -1.23566
  -0.0101545
    0.202335
    0.964796
    0.567755
    0.579065
    0.238012
   -0.504994
    0.516137
    -5.28233
   -0.676528
    0.159588
    0.843275
    0.315656
    0.553583
     -5.1434
   -0.175458
    0.575401
     2.89322
    0.197512
    0.550285
    -4.29819
   -0.529577
    0.580467
    0.422374
    0.790265
    0.273558
     -1.9425
    0.521406
    0.603628
     0.25786
   -0.592654
    0.615087
    -3.78513
    0.906566
     1.20847
    0.160787
    0.120202
    0.347667
     1.04872
   -0.418935
    0.551552
    -3.48153
    0.519069
    0.289936
    -1.84791
   -0.587166
    0.571909
    -3.10737
    0.268644
     0.43624
    0.840158
    0.689077
    0.735295
     2.11639
   -0.275726
     0.63304
    -3.51119
     0.67465
     1.18614
    -6.61481
    0.330236
    0.728934
    -3.40354
   -0.689901
    0.277963
     -1.4444
   -0.133637
    0.655965
    0.446702
   -0.801343
     0.66902
   0.0133276
    0.443287
    0.276238
    -1.36209
   -0.405264
    0.492004
    -2.17624
   -0.631248
     1.35587
    0.365896
   -0.293827
    0.623921
    -2.57202
   -0.717577
    0.918448
    -3.90149
   -0.720221
    0.953794
    0.239831
   -0.552207
    0.975648
     -3.6152
    0.793301
     1.20029
     2.13975
    0.856266
    0.783948
    -3.20651
   -0.447285
     1.57073
     -6.5483
   -0.202048
    0.997893
     2.05496
    0.144164
    0.234565
     0.11904
    0.290161
     1.91346
     -7.1638
    0.906998
    0.677023
     1.14993
   -0.385815
    0.516329
    -1.78881
   0.0957141
    0.984111
     -3.1876
    0.847769
     1.46761
    0.419117
    0.110863
    0.497282
    -1.64724
   -0.536626
    0.909541
     1.10027
   -0.604342
    0.305888
    0.313102
    -0.30511
    0.752816
    0.558321
   -0.711034
     1.50278
    -4.18722
   -0.389398
    0.464128
    -1.35769
    0.530788
     1.03031
    0.149641
    0.394217
    0.459809
   0.0877493
    0.372517
     1.64356
     -3.9961
    0.656593
    0.765905
  0.00501698
   -0.468427
      1.0615
    -2.78253
    0.750947
     1.11248
     1.04994
    0.715068
     2.45655
  -0.0778997
   -0.441573
     1.10033
    -3.01005
    0.274188
     1.51961
     1.83684
   -0.354805
    0.785881
    -1.81386
    0.573513
    0.786331
    -1.94588
    0.150887
    0.551942
    0.290444
     0.37899
    0.425232
   0.0609208
    -0.34054
     1.52829
    -3.23455
   -0.715934
     1.19717
   -0.253144
    0.107788
      1.4904
    -3.76133
    -0.60323
     1.96411
     1.89908
    0.709123
    0.432982
    -0.98027
    0.380816
    0.948042
    0.290291
   -0.570142
     1.38044
     1.48846
    0.141909
     1.12778
    -2.89537
  -0.0900296
      1.9318
   -0.191748
     0.78439
     2.71045
    -4.92371
   -0.523792
    0.671023
  -0.0913029
   -0.382156
     1.07368
    -2.16968
   -0.748226
     1.03962
    -2.20952
   -0.764349
     2.13959
   -0.894523
   -0.271029
     1.69375
    0.218731
    0.893526
     1.11381
     -1.9429
   -0.622004
     1.05356
    0.471219
     0.62625
     2.43894
    -1.09442
    0.353535
     1.54147
    -2.42525
     0.58815
     1.12341
     -1.9735
   -0.653451
     4.04462
    -5.46116
    0.269765
    0.938483
    -1.76741
   -0.629826
     1.64274
   -0.570969
    0.660465
     1.57189
    -2.20616
    -0.45567
    0.838463
    -1.72608
    0.121696
     1.00767
    0.763739
   -0.125731
     1.48514
    -2.26064
       0.762
      2.7727
    -1.91416
    0.120964
     1.86847
     1.20432
   -0.587508
     2.27087
    -4.53912
    0.780462
     1.60724
    0.687876
   -0.811473
     1.05785
   -0.829902
   -0.448609
     2.17813
   -0.797066
   -0.834284
    0.675878
    -1.33948
    -0.11075
     2.05205
     1.46256
     0.28375
     1.59864
    -1.65091
    0.131145
     1.14214
    -2.03029
   -0.596861
     2.19666
    -2.39892
   -0.766566
    0.863439
    0.164622
   -0.464788
     2.83132
     -2.8418
    0.776689
    0.819867
   -0.649842
    0.522989
     2.19948
    -2.56556
   -0.866712
     1.25154
    -2.19237
   -0.422464
    0.802636
   -0.213744
   -0.454607
     1.89562
    0.981843
    0.560065
     1.62006
    -2.55613
    0.829079
     0.97893
   -0.395031
     0.53609
     1.27934
    -1.19467
    0.640691
     2.10204
    -3.54622
   -0.392537
     1.29703
    -1.66068
    0.785739
     1.21041
    -0.90451
     0.64021
     2.04576
    -1.29991
   -0.995228
     1.74343
    0.906021
   0.0104035
      1.3246
    -2.15132
    0.055718
     1.07929
    -1.59409
    0.486957
     1.45288
    -1.23535
   -0.731606
     1.95847
    -2.24482
    -1.00293
     1.28455
    -1.59525
   -0.635474
    0.553049
   -0.152609
   -0.374994
     3.50733
    0.789246
     1.10158
     1.22313
   -0.415696
     0.60441
     2.47767
    0.608849
   -0.731628
     1.30351
    -1.48827
    0.618868
     2.19296
    -3.13881
    0.528976
     1.74734
    0.663883
   -0.273752
     1.59807
    0.583149
    0.184729
     1.56871
   0.0347695
   -0.684964
    0.906253
   -0.725784
    0.541521
     2.31015
    -1.68983
   -0.931216
     1.07788
   -0.207048
     0.52855
    0.672119
   -0.727342
     -0.3837
     0.77027
  -0.0268688
    0.400354
       4.603
    -5.95368
    -1.18215
     0.60601
   -0.175171
   -0.309944
     2.44516
      0.5823
-0.000765706
     2.51328
    0.519668
    0.423185
      1.8515
    -1.22075
   -0.750697
     3.45222
    -4.39572
   -0.162985
     1.91848
    -1.93622
    0.740904
     3.19659
     -2.4654
     1.21693
     2.28223
    -2.28394
   -0.808524
    0.672136
  -0.0150356
    0.301692
     3.22434
    -3.75261
    0.472925
     3.71382
   -0.119415
    -1.09433
     0.99383
    -0.33978
   -0.479074
     2.77517
    -1.85033
   -0.906341
     1.29784
   -0.504859
    0.563768
      2.6162
    -2.59505
    0.679189
     3.40865
    0.386677
   -0.518598
     3.01487
   -0.596884
   -0.927671
     2.36274
   -0.177361
    0.468899
     4.03971
     -3.6713
   -0.763283
     2.77778
    -2.63973
   -0.342139
     2.24532
   0.0597465
    0.256638
     3.73989
  0.00888216
  -0.0145531
      2.2183
    -1.55372
    0.736593
     1.67955
   -0.886863
   -0.639162
     4.49268
    -4.25281
    0.203296
     3.26712
    -1.76982
    0.986013
      3.2798
    -2.69012
     0.57059
     2.04117
   -0.711975
    0.683361
       2.191
   -0.480594
    0.487766
     2.29815
    -1.53005
   -0.609439
     4.41238
    -0.41877
   -0.574184
     2.53628
   -0.764708
   -0.522231
     3.51487
    -2.08923
    0.590351
     3.74689
   -0.747826
    0.263831
     3.89147
    -1.96395
   -0.692371
     4.04861
    -2.71661
   -0.364524
     5.17252
    -3.71765
    0.278374
     1.63468
   -0.439056
   -0.143879
     1.86177
   -0.383276
 -0.00368073
     3.01775
    -1.14304
    0.332647
      3.6683
    -2.08641
    0.130161
     1.80956
   -0.770488
   -0.123406
   -0.487096
    0.390106
   -0.355872
   -0.252322
   0.0794478
   -0.229366
    -4.79663
    -5.97659
  -0.0950083
    -8.95384
    -7.34381
    -1.02602
    -3.88052
    -2.54099
   -0.427106
    -7.38571
    -4.85967
    0.787932
   -0.599763
    0.412346
   -0.381455
    -9.60581
    -2.76355
    0.684893
    -5.87093
     5.26761
    0.294742
     3.20781
     1.55876
    0.357038
    -9.34097
     -8.4729
    0.326275
    -7.76409
    -11.5206
   -0.475442
   -0.704626
    -10.0929
    0.209115
    -5.40298
    -6.77329
    0.765567
    -7.53288
    -7.24821
   -0.959326
    -5.22361
    -5.19584
    0.628339
    -5.27972
    -3.70759
    -0.63713
    -4.89774
    -3.95253
    0.657608
    -7.33799
    -2.19305
   -0.422132
    -5.80198
    -1.83997
    0.666776
    -5.20416
   -0.535544
   -0.642385
    -1.73884
    0.134971
   -0.357273
   -0.543021
    0.335715
    -0.41371
    0.971598
    -1.28576
    0.119808
    -6.94916
    -12.8864
    -1.24514
    -8.53669
    -14.0791
    -1.22396
    -5.16463
    0.595066
   -0.804157
    -5.78004
    0.476997
    0.938659
    -5.17912
     1.85698
   -0.756247
    -2.19039
     2.74306
    -0.86924
     1.91956
     2.44458
    0.398625
     6.11598
    -8.68042
   -0.744808
     1.16536
     3.42982
     0.70572
    -4.45948
    -12.3163
   -0.915543
    -5.00557
    -11.8438
    -1.17584
    -4.48048
    -11.3067
    0.886635
    -4.51949
     4.17128
   -0.695739
     5.92877
    -4.06943
    -0.12158
    -6.60362
    -12.1495
    0.259245
    -5.52741
     2.75947
     1.36673
     3.30946
     3.21182
    0.634246
   -0.973958
    -12.2511
  -0.0974547
    -6.61502
   -0.174992
    -0.13692
     -1.7504
     -10.355
   -0.739148
    -3.02515
    -11.7932
    0.810411
     5.98009
     -10.788
    0.516541
    -1.27186
    -11.6975
   -0.748705
     1.50004
    -5.15083
  -0.0633603
     4.33525
     2.15113
   -0.132281
   -0.144063
    -14.2591
   -0.793202
    0.103081
     -7.6167
     0.58731
   -0.130742
    -6.50268
    0.483969
    -1.75337
      1.5034
   -0.445267
     3.61686
    -8.20338
    0.166109
    -1.75022
     1.96561
    0.642146
   -0.100992
     2.86322
   -0.734535
   0.0743869
     3.09132
     1.16572
   -0.254169
     3.21351
   -0.608381
    0.163369
     3.66447
    0.972782
   -0.566126
    -1.36347
    0.382556
     1.17375
    -11.8931
    0.881979
    0.999511
    -9.36762
   -0.817301
    -6.45936
     -7.9375
     0.27629
     5.90555
    -2.14771
    0.310956
     1.22854
     2.03319
   -0.632861
     2.48853
    -10.7786
   -0.938881
     2.26973
    -11.7962
     1.10142
     1.79426
    0.171742
   -0.524489
    -2.84853
    -10.3021
   -0.262668
    0.887449
    0.404739
   -0.332009
     2.48951
     2.18204
   -0.755361
    -3.82724
    -5.95185
    0.783387
     3.07323
    -8.86674
   -0.687636
     3.90495
    -10.4417
    0.819697
    0.394125
   -0.514609
     0.23706
   -0.907161
    -5.50706
    0.469816
    -5.77587
    -15.9561
    0.404238
     1.63817
    -4.81762
   0.0834175
     4.02041
     2.33044
    -0.81394
    -7.11038
    -4.53981
    0.876815
   -0.707118
   -0.302565
   -0.274314
     2.19378
     1.74321
   -0.348072
     2.68897
    -5.38735
   -0.248648
    -2.67408
    -3.47333
   -0.489856
     3.78232
    -6.71404
    0.666127
     6.61847
    -10.5188
     -1.0473
     1.10635
     1.33893
    0.816901
    -2.74398
     2.49576
     0.29039
     5.57678
    0.433037
    -0.66324
     3.11742
    0.923031
    0.674593
     4.78778
     1.20626
   -0.770983
     7.21784
     2.17645
    0.634698
    -2.08647
      2.5799
    0.370637
    -4.41139
    -4.40259
    0.164263
     4.30699
    -7.14533
   0.0911404
      2.1261
    -4.74669
    0.504821
    -2.65359
    -7.15842
   -0.177351
   -0.282376
   -0.388376
    -0.18027
     4.52215
    -6.49149
    0.771608
     6.17195
    -7.01394
   -0.964633
     6.15283
    -7.14954
    0.790154
    -7.53113
    0.188173
    0.647551
     9.80725
     -9.1612
     1.14984
    -1.72423
     1.94212
    0.666027
     10.2565
     -8.4528
   -0.629776
     7.72866
    -4.40967
    -1.10116
     6.53933
    -2.44944
   -0.705874
     8.08442
    -3.12797
     1.08462
   -0.850266
   -0.460006
    0.290264
     7.29895
    -1.04492
    -1.21437
     8.75497
    -1.57135
     1.16056
     7.25966
    0.754883
   -0.609436
     6.25166
    0.756102
    0.925822
    0.538089
   -0.533525
     0.27053
    0.485078
    0.451918
   -0.294525
   0.0243183
  -0.0795173
   -0.234051
    -6.20384
    -0.86685
    0.152318
    -4.37588
    -9.03328
 -0.00411666
     8.99814
    -7.47451
   -0.736075
     8.85878
    -7.28611
    0.871103
     6.76388
    -4.23031
    0.395696
     3.59219
    -1.61262
   -0.386991
     6.00657
     -3.0552
    0.483085
     5.56677
    -1.53983
   -0.290124
     5.81284
    -1.59842
       0.661
    0.287194
    0.733013
    0.390895
    -1.31646
     4.72485
    0.739366
    -2.05474
     1.55608
    0.612484
   -0.336159
   -0.190435
   0.0944085
   -0.282638
  -0.0723214
    -0.16454
    -5.87444
    -5.03077
    0.847534
  -0.0975376
     1.08985
   -0.166306
    0.628758
    -1.28496
    0.291965
   -0.709187
    -5.12328
    0.464169
    0.613892
     -8.8659
  -0.0861007
    -5.19325
    -2.79398
   0.0904574
     5.12326
    -11.1605
   -0.931954
    -8.50965
    -8.81635
    -1.11648
   -0.271152
    0.462904
    0.280565
     0.71347
    -2.19665
    -0.22091
   -0.351142
   -0.260971
   -0.220947
     2.34101
   -0.367555
    0.128118
    0.384805
   -0.768478
    0.290779
    -2.84212
    -1.13718
   -0.485645
    -1.01307
    -7.57322
   -0.332436
    -1.01047
    -2.38985
    0.409334
     -8.0119
    -2.78105
   -0.847755
     6.87964
    -4.95793
    0.871196
     3.51416
    -11.4363
     1.09401
     5.74757
    -7.09039
   -0.213313
    0.442267
    -8.47513
   -0.176937
   -0.520325
    0.140522
   -0.436266
   -0.578461
   -0.185467
   -0.392533
    -2.40233
   -0.573662
    0.157437
 -0.00989955
   -0.435953
   0.0815008
      6.4619
     -7.6535
    0.452829
     5.12209
    -0.45735
    -0.84855
    0.332455
      4.0534
  -0.0702458
    -1.21722
    0.164576
    0.394808
     1.34797
     1.82756
    0.375119
    -1.95765
    -4.44836
   -0.453358
   -0.260081
    0.544491
   0.0697919
   0.0364066
    -1.81626
   0.0116731
    0.813618
    0.480161
   -0.117618
   -0.232009
    -1.48613
    0.303432
    0.277996
    -1.71411
   -0.328348
    -4.41355
    -6.48967
    0.195863
    0.469219
  -0.0763552
    0.182411
   -0.122748
    0.177272
   -0.219938
    -4.13347
    0.528682
    0.692926
     4.82822
    -8.07937
   -0.263836
    0.199948
  -0.0114919
    0.197485
     2.60104
     4.17927
    0.156173
     0.98686
   -0.486068
   -0.516508
    -2.51005
    -9.79407
   0.0933476
     1.74355
    -11.7653
    0.232292
     4.53217
    -2.55074
    0.346718
     4.58109
     -1.2604
   0.0939451
     1.26197
     2.19425
    0.261201
     0.20233
   -0.854201
   -0.173099
     1.13384
   -0.280347
   -0.309917
       4.638
    -2.45865
  -0.0890899
    -3.09227
    -2.30058
   -0.236596
     4.73691
    -11.5032
    0.325987
     2.15427
    -1.00063
    0.382046
      -3.149
      5.2693
    0.544067
    -0.90321
     1.90874
    0.793964
    0.979936
   -0.807591
   -0.309777
    0.229727
    0.910617
   -0.644663
    0.497102
  -0.0734704
    0.145694
    -1.30368
  -0.0637788
   -0.327039
      2.4195
       1.651
    0.408294
   -0.199874
    -1.97369
    -0.10448
    -1.60655
    -2.33305
   -0.180121
   -0.648101
    -8.32673
   -0.733155
    -8.08521
     4.92493
   -0.144988
    0.478476
  -0.0150179
   0.0403775
     2.73635
     2.85232
    0.395291
     2.71039
      1.9397
    0.406644
   -0.149285
    0.837295
    0.208989
    -2.92206
    -5.15173
    0.518136
    -3.76194
    -1.82622
   -0.388391
     -2.9081
     1.93965
   -0.190014
     4.48747
   0.0167325
    0.661013
     6.57634
  -0.0364019
    0.506278
     2.50907
    -2.75582
  -0.0017343
   -0.609498
  -0.0898712
   -0.313792
   -0.339558
    0.185158
   -0.333137
    -1.10856
    -4.63509
   -0.188195
    -8.74476
    -3.90768
     1.17512
  -0.0125008
    0.182661
    0.184452
     1.07927
     2.32365
    0.923798
   -0.777681
   -0.418194
    0.502885
     1.65616
    -5.70295
   -0.347251
   -0.369638
  -0.0537749
    0.349902
   -0.939533
     0.25132
   0.0386289
    -2.75763
    -3.12937
   -0.422345
  -0.0749669
    -0.60151
    0.253565
     0.24584
   -0.542844
    0.203192
    -1.37411
   -0.791131
  -0.0332138
   -0.346016
   -0.161837
   0.0954086
    -1.50737
   -0.486066
   -0.365432
    0.925861
   -0.143898
   -0.206464
   -0.933755
    -0.32725
    -0.31912
    -1.37567
   0.0136553
   0.0965092
   -0.691419
   -0.480345
    -0.28891
    -1.00346
   -0.890744
     0.46276
   -0.288572
  -0.0212767
  -0.0139727
    -3.11116
   -0.478049
   -0.150002
    -1.58568
    -1.08568
   -0.705541
   -0.851915
   -0.639166
   -0.434895
    -1.19496
   -0.994574
    0.642656
    -1.36908
    -1.04482
    0.665473
    -1.81696
    -2.01705
    -0.63062
     0.99271
   -0.239144
    0.129346
    -1.43077
   -0.498588
    0.599113
     1.35153
   -0.723017
   -0.113157
   -0.743697
   -0.939207
   -0.185283
      7.2614
    -7.21286
   -0.432318
   -0.683187
   -0.616217
   -0.310026
    -1.70764
    -2.12551
  -0.0134848
    -1.67696
    -2.46944
    0.144924
    -1.18241
    0.378206
    0.237854
   -0.471378
   0.0632174
   -0.197369
   -0.655213
   -0.974771
    0.406729
  -0.0929789
    -7.33368
    0.145867
    -1.54797
    -2.22429
    0.771279
    0.513806
    -1.13794
   -0.257867
   -0.614537
    -1.03176
 -0.00635091
   -0.252889
  -0.0203603
    0.251267
   -0.654137
  -0.0629977
    0.383932
   -0.576818
   -0.797331
   -0.429583
   -0.398822
    0.801776
    0.204266
   -0.648674
    -1.17592
    0.469117
    -3.35959
   -0.867392
    0.564212
   -0.543193
   -0.920301
    0.167173
    -0.88366
    -1.14837
   -0.597424
   -0.943825
    0.447243
     0.33487
   -0.882812
    0.193816
    0.383639
     4.11024
     2.11642
   -0.122864
   -0.805744
    0.120795
   -0.451784
   -0.786308
   -0.797672
    0.320307
    -0.30366
   -0.102152
    0.242413
   -0.705524
    -1.44603
   -0.529161
   -0.781364
    -1.59788
    -0.45232
    -5.35107
    -6.38715
    -0.40027
     3.01829
     -13.063
    0.175652
    -1.17604
    -2.38764
   -0.695665
   -0.317401
    0.042351
   -0.318126
    -4.58779
    -6.49362
   -0.132438
   -0.132466
    -1.21123
   -0.135044
   -0.797025
    0.502055
    0.466954
   -0.514267
    0.175885
    0.378123
   -0.714902
    -1.62591
    0.546597
    -7.05516
    -10.6118
    0.813854
   -0.555807
   -0.285262
  -0.0631974
   -0.747608
    -1.65889
    0.539564
     12.0899
    -11.9487
  -0.0868888
   -0.633479
    -1.31403
    0.219386
    -4.35999
    -9.56256
    0.801861
   -0.183038
   -0.527746
    0.216729
    -0.57145
    0.211698
   -0.450061
   -0.198806
   0.0553813
   -0.287379
   -0.386446
    -1.09099
    0.378161
    0.264519
  -0.0478604
   -0.182238
     -3.7691
   -0.254771
   -0.452093
    -0.47664
    -1.37979
    0.500897
    0.534103
    -0.24043
   -0.338185
   -0.829864
    -2.22347
   0.0300918
   -0.551589
    -1.97662
    0.351693
    -0.22429
   -0.699202
   -0.288751
   -0.271194
    -1.19396
   -0.449837
   -0.129583
   -0.486922
   -0.251946
     5.99426
     -1.0535
   -0.115124
     -1.5727
       3.143
    0.256515
   -0.439933
    0.313892
    0.280965
    0.941858
     -1.1203
    0.452092
    -0.22235
    0.313418
    0.299472
    0.367716
   0.0898923
    0.310442
   -0.521116
      0.1819
    0.454936
   -0.406251
    -2.27228
   -0.583908
    -7.46087
    -3.73875
     0.55658
   -0.162065
   -0.883016
    0.010508
     0.34255
    -0.74428
   0.0721088
     2.60776
    -4.16074
    0.448749
  -0.0487422
   -0.600632
    0.211579
  -0.0995813
    0.106872
   -0.162065
   -0.887083
   -0.309825
    0.406565
   -0.130866
   -0.920468
    0.275584
    0.203145
    -1.20397
   -0.377041
  -0.0651418
   -0.827623
    0.293044
  -0.0924165
    0.142928
      0.2578
   -0.160456
     1.10593
   -0.315916
   -0.102721
    0.495518
    0.547505
  -0.0884831
    0.508651
   -0.740124
   0.0387514
    -1.80445
   -0.557655
   -0.190902
    -3.18296
   -0.668611
   0.0251616
    -1.47113
   -0.303792
   -0.122678
     1.25026
   -0.554142
     3.77504
    -2.57841
   -0.427534
   0.0159346
    -1.11323
    0.309468
   0.0611856
    -1.24529
    0.330534
   0.0807907
    -1.35194
    0.330482
   -0.800703
    -0.18199
   -0.453709
    0.156495
   0.0938975
   -0.377442
    0.165866
    -1.59805
   -0.531066
     6.30331
    -9.22875
    0.308787
     6.74805
    0.990409
    0.464678
    0.100409
    0.173971
    0.298299
   0.0433093
    0.387161
    0.328181
    0.312158
    0.688607
   -0.350705
   -0.893059
    -1.68739
   -0.518245
    0.244522
    -1.42592
    0.269395
    0.193994
    -1.19061
   -0.276375
     1.95602
    -1.37459
    0.279754
     1.47206
    -4.91911
  0.00855543
    0.306719
    -1.13793
    0.333078
     4.28833
    -2.55372
   -0.289456
    0.721318
    -2.32205
    0.288487
   -0.356338
    0.050139
   -0.234146
    0.769013
     1.38588
   -0.180154
    -1.02102
   -0.205502
   -0.511602
    0.569449
    -2.12863
    0.151856
    0.962778
   -0.808744
    0.301128
   -0.399944
    -8.54772
   -0.283194
    0.394151
    0.120657
    0.365992
    0.159078
   -0.693226
    -0.26187
    0.341719
    -1.16287
   -0.396976
      1.2463
    0.287403
   -0.191611
    0.668617
    -2.01297
   -0.621012
     0.70186
    0.394672
   -0.533646
    0.311687
   0.0499993
   -0.309179
    0.157236
   0.0374591
    0.223646
    0.301473
    0.229298
     0.30004
    0.244456
    0.243637
    0.258454
    0.559266
    0.631562
   -0.276724
     1.51885
    -3.26983
   -0.875153
    0.669199
     0.56296
   -0.363673
    -4.23616
    -2.22919
   -0.309951
     0.77255
    0.298256
   -0.460143
     1.61491
    -4.40646
    0.630617
    0.723501
    0.442786
    0.343437
   -0.233264
   -0.425357
    0.107947
     1.01952
    0.102436
   -0.647994
   -0.773596
    0.431419
   0.0207545
    0.291916
    0.930179
   0.0893379
     1.09881
    -2.64812
   -0.640945
   0.0751963
     1.43004
    0.101287
    0.386538
    -1.06836
   -0.294829
     1.39639
    0.606523
    0.493781
     -1.8933
     1.19077
    0.143428
    0.646433
    -6.38184
    0.630651
    0.438472
    0.323514
  0.00330285
    0.236407
   -0.437062
-0.000234849
   -0.867268
   -0.642868
   -0.341231
    0.175413
    -1.55217
   -0.450888
    0.638997
   -0.053158
   -0.418368
   -0.370482
    0.223939
     0.24411
    0.372956
   -0.663226
   -0.301568
    0.532046
   -0.642019
    0.305586
     1.25565
   -0.290942
    0.588523
     2.02582
    -12.2001
    -0.59036
    0.859637
    0.101357
    0.466384
    0.331933
   -0.468786
   -0.298962
    0.743422
    -1.03512
     0.27526
     1.41775
    -1.80982
    0.841585
     1.02081
    -1.45968
   -0.480639
     2.81361
    -7.88382
   -0.476478
     1.92091
    -2.41387
   -0.673153
    0.929136
    -1.60516
    0.447443
    0.539963
    -1.04401
   -0.172762
     1.50287
    0.752537
    0.165678
     1.51018
    0.304558
   -0.634212
    0.942639
   -0.921873
   -0.467834
    -1.20467
   -0.109653
   -0.446019
    0.452075
  -0.0629491
   -0.307094
     1.18865
    0.383278
     0.26444
    -1.97045
    -6.87865
    0.218488
    0.797045
    -1.09987
    0.457755
     1.71188
    -1.60281
    0.832123
    0.575984
   -0.337902
    0.349707
     1.79653
    0.627624
 -0.00690736
     1.74909
     -2.0777
    0.510172
    0.996834
    -1.03989
     -0.5191
    0.756797
   -0.715899
   -0.361783
    -5.00514
    -6.51423
    -0.73045
  -0.0442198
   -0.386691
    0.127053
    -6.59077
    -4.84621
    0.203425
    -2.44612
    -6.85159
    0.662399
     2.01614
   -0.380615
   -0.737837
     1.50463
     4.36558
   -0.646069
     1.27943
   -0.496988
    0.538026
      4.4558
    -7.80129
   -0.869867
     3.81256
     2.61532
    0.313834
    0.715054
    0.461922
    -0.49852
    0.383335
  -0.0721262
    0.187724
   -0.423481
    -0.12194
    0.164818
     3.18914
    -6.97321
   -0.582907
    0.905547
   -0.910745
   -0.270857
    -1.69292
     4.30599
   -0.895609
    0.426266
   -0.224152
    -0.24212
    0.849661
   0.0197931
    0.234405
     1.25133
    -1.19911
    0.215675
     6.42694
    -5.14348
   0.0347336
     0.92691
    -0.29765
   -0.288232
    0.860413
   -0.213199
    0.331907
     1.47945
   -0.171118
  -0.0135989
    0.760088
   -0.212704
 -0.00220892
   -0.865844
   -0.394363
    0.371446
     -2.2063
    -1.03929
    0.632238
     3.65688
     3.97663
   -0.444746
    -1.16967
   -0.939052
    0.442209
    -1.02003
   -0.124121
    0.572687
    -1.57001
   -0.339264
    0.524445
    0.990075
  -0.0699113
    0.042475
   -0.565826
   -0.134957
    0.352071
     1.66947
     1.47365
    0.629848
    -5.11031
    0.981018
    0.195519
   -0.819849
   -0.767546
   -0.475603
   -0.206034
   0.0203826
   -0.125025
   -0.864836
    -1.12502
    0.582272
    -6.52393
   -0.544856
  -0.0768975
   -0.863332
    -1.45205
  -0.0571504
     8.92767
     1.98999
    0.702507
    -2.02262
    -3.18216
    0.899964
   -0.817057
  -0.0376083
    0.575675
      3.4425
    0.388071
   0.0194713
    -1.21678
    -2.06692
   -0.648235
    -1.44954
    0.519534
    -0.82445
    0.163143
   -0.027633
    0.179442
   -0.253221
    0.442552
    0.305015
    -5.65527
    -6.70159
  -0.0456581
  -0.0933365
   -0.479935
    0.106398
    -6.19947
     2.00519
   -0.370304
     4.21744
    -1.78825
  -0.0681988
   -0.322753
    0.741096
   -0.484681
   -0.233327
    -1.75406
    0.415933
   -0.202882
    -1.31346
   -0.448542
     3.67879
    -1.86616
   -0.182139
  -0.0634014
    -1.63269
    0.537672
    -0.09283
     0.19582
    0.356083
     1.35496
    0.306354
   -0.192652
  0.00451224
    0.436676
    0.321664
    0.109912
    -2.13882
    0.451953
     -0.2632
     1.41393
  -0.0846172
    0.145544
    -1.32623
    0.349486
    0.297569
    -2.49224
    0.194885
    -1.86262
    -4.43863
    0.226869
    0.370439
    -2.76525
    0.755167
  0.00406088
   -0.621152
    0.295479
    0.208162
    0.196242
    0.358238
    0.204065
    0.186138
    0.287137
   0.0840501
   -0.258746
    0.102101
    0.156979
   -0.471789
    0.159666
    0.341358
     0.13441
   -0.290668
    0.265344
   -0.997792
   -0.323928
   -0.794504
    -2.70505
   -0.699114
    0.661584
     -1.8399
   -0.571836
    0.247391
   -0.505364
    0.197417
     0.85959
      0.5909
    0.337213
     1.58283
    0.339294
    0.725029
   0.0987296
 -0.00748239
    0.101484
    0.225238
   -0.365432
   -0.204977
    0.991525
    -0.50078
   -0.489184
     5.59815
      2.6844
    0.739522
    0.738462
   -0.453025
    0.381122
     1.23009
   -0.724057
    0.517691
    -3.10794
    -12.3715
    -0.83626
    0.628714
   -0.138748
    0.233553
    0.853624
   0.0720129
    0.229436
   -0.794404
   -0.843542
   -0.374741
     -1.6444
   -0.571944
   -0.684661
    -2.37015
    -2.14715
   -0.973334
     1.24245
    -4.32795
    0.176329
   -0.129214
    -1.39021
   -0.231408
   -0.452245
   -0.928065
   -0.305985
     0.30733
    -6.57769
   -0.145866
 -0.00205878
   -0.465376
    0.138235
    -3.79986
    -2.97065
   -0.614066
   -0.661193
    -2.04567
    0.550161
   -0.306682
     0.13726
    0.305318
   -0.234731
    0.400465
   -0.360195
   -0.338784
    0.227109
    0.424535
   -0.202234
    0.279263
   -0.448803
   -0.170723
    0.376686
    -0.44825
   -0.139386
    0.210467
   -0.328632
    0.333025
    -1.99288
    0.565047
    0.219965
    0.246831
   -0.372637
     -1.8233
    -9.70572
   0.0562569
    0.400323
    -1.22499
   -0.364796
    0.928665
    -2.36451
   -0.607835
     3.62249
    -3.47728
   -0.536187
    0.118948
   0.0834635
    0.143672
    0.173605
    0.160345
    0.204333
    0.497819
    -1.12213
    0.375865
    0.522722
    -1.07202
    0.464365
    0.824527
    -1.30808
    0.547657
    0.884594
    -1.40398
     0.51213
    0.880179
  -0.0167864
   -0.458666
     1.34861
   -0.110668
    0.582516
    0.721106
   -0.131557
    0.448408
     1.65951
    -4.52937
   -0.118927
     1.19267
    -1.81855
   -0.532587
    0.264935
    -5.45852
   0.0650081
     1.12928
     -1.4761
    -0.49742
    -2.57445
    -15.9927
     0.28109
   -0.373262
   0.0223945
    -0.22049
     1.85285
    -1.41394
   -0.701635
     1.01327
   -0.335362
   -0.108769
   -0.348783
    0.227382
    0.362713
    0.101099
    0.213382
   -0.175615
    0.193401
    0.310651
   -0.292956
     1.66803
    -1.44337
   -0.599021
    0.826651
   -0.736532
   -0.488924
    -1.25909
   -0.618265
   -0.233555
   -0.355202
 -0.00445364
   -0.285265
   -0.190095
   -0.741517
    0.288423
    0.730667
    -1.16777
   -0.488252
     4.38486
    -5.04283
    0.316738
   -0.546578
   -0.386818
   -0.207438
     3.84481
     1.30466
   -0.141251
      3.4219
     2.57715
   -0.155206
     0.40199
   -0.221968
    0.273721
     5.06869
    0.823255
  -0.0492257
    0.857457
     3.20474
   0.0709803
    -1.85148
    -1.13609
   -0.292648
     2.83568
    -5.06603
    0.253799
    -2.50568
    -2.30714
    -0.16575
   -0.409005
   -0.276075
   -0.122687
    0.970369
    0.517748
    0.226014
      1.7326
    -5.76936
   -0.387108
    0.713626
     -1.3209
    0.429918
    0.536998
     -1.6787
   -0.340834
     -1.0564
    -1.05651
   -0.331685
     0.53218
  -0.0178867
   0.0788394
    -7.01001
    -2.84775
   0.0517341
     9.29777
   -0.652703
    0.477415
   -0.491987
   -0.103397
    0.297996
    -2.30002
    -4.66181
   -0.241704
    -1.38837
    -4.42518
    0.206578
    -2.98425
   -0.402263
    0.541397
     6.32233
    -9.02005
    0.349512
      1.0341
    -0.10502
    0.481742
   0.0820755
   -0.622656
   -0.241821
    -1.36094
   -0.783168
    0.584345
   -0.721495
   -0.645148
   0.0720566
    0.236414
  -0.0229813
   -0.101639
   -0.822067
   -0.844641
   0.0803896
    -1.02854
   -0.238923
   0.0172929
   -0.377283
    -2.99146
    0.170632
    -1.05149
     1.33606
  -0.0948946
     4.22914
    -3.01914
    0.621252
     1.45804
   -0.567939
   -0.267494
     0.18336
     1.03698
    0.179436
    0.592444
     1.65628
   0.0607745
    -1.65064
     1.26428
    0.593751
      4.0672
      1.8166
    -0.80723
     3.94008
    -2.60761
  -0.0815157
     -7.1673
    -3.42581
  -0.0751611
   -0.321371
    0.152831
    0.137843
    -1.05759
    0.236513
   0.0918327
    -2.14096
     -0.4197
    0.155082
     2.09196
    -1.51006
     0.20329
     2.85598
     -1.3021
    0.115588
    -4.31688
     2.73749
    0.922446
     2.46227
    -1.43894
    0.174985
  -0.0894297
   0.0682665
     0.23588
    -2.81251
    -3.90894
    0.296965
    -1.02984
   -0.423086
     0.19955
     4.22391
   -0.614349
   -0.106628
    -2.53207
   -0.363396
    0.643957
   -0.324575
    0.700092
   -0.245717
    -6.34387
     0.40768
   -0.425638
   -0.301338
    -1.93867
    0.169012
    -3.09059
   -0.513683
    0.384924
     7.89295
    -9.41026
   -0.505197
    -2.13988
    -0.45372
    0.199371
   -0.624151
   -0.260579
   -0.234653
    -1.25374
     -0.3148
    0.201705
   -0.368435
   -0.174433
   -0.295003
    0.640233
     1.70779
    0.529489
   -0.155115
    -2.69891
   -0.651015
   -0.850612
   -0.201176
    0.171976
   -0.396363
   -0.240545
   -0.175087
     1.05222
    -1.51356
 -0.00614538
     5.29986
    -4.51378
   -0.854795
     1.58857
   -0.744301
    0.104212
     2.58497
    -1.50005
  -0.0257419
     2.59846
    -1.57775
   -0.146099
    -0.17456
   -0.317975
  -0.0212288
     2.86312
    -1.09817
     0.18485
     1.75771
    -5.28526
    0.101492
   -0.298712
   -0.306215
    0.243506
    -1.73776
   -0.792701
  -0.0884417
    0.389221
   0.0491055
    0.109687
    0.101222
   -0.958352
   -0.267451
    0.781591
    -0.28177
  -0.0132654
   -0.480714
    -3.88443
  0.00206356
    -1.70579
    -0.63068
    0.177381
      -5.025
    -9.16693
    0.161867
   -0.588758
     -3.0677
    0.240588
    -5.27342
    -11.9157
   -0.133019
    -0.69782
   0.0905755
    0.154027
    -1.07005
   -0.210773
   -0.183632
  -0.0733447
   -0.860466
     0.27773
     2.23678
     1.48681
    0.626597
    0.350117
    -1.04636
  -0.0273304
   -0.049911
   0.0695316
    0.340682
    0.338211
   -0.300727
   -0.252646
     1.36557
   -0.672341
   0.0164927
   -0.668085
    -2.09273
    0.563886
  -0.0278973
    0.136031
   -0.297004
    -1.38905
    -1.99305
   -0.672717
     2.15093
    -5.16159
   -0.267355
   -0.128996
    -3.14632
    0.216287
    0.318342
   0.0350574
     0.30937
   0.0496886
    -1.21148
  -0.0571558
     1.24331
    -8.39822
   -0.257011
    -5.46471
      -5.591
  -0.0551597
      4.7824
    -3.38698
   -0.536047
    0.259857
   -0.162279
    0.184583
    -2.94578
    -1.29269
    0.414595
   -0.303278
   -0.506252
   -0.184348
   -0.354214
    -1.39676
   -0.441337
    -2.00842
    -1.04641
  -0.0457745
    -1.53787
    0.286191
    0.167983
     4.17192
    -8.46439
    0.234608
   -0.102893
    -3.38751
     0.43823
     1.56274
      0.6156
  -0.0615402
   -0.277545
   -0.159394
    0.220913
    0.574137
    -1.00507
    0.211707
     -2.2731
      -6.448
   -0.131888
   0.0691032
   0.0905571
  -0.0756801
   -0.597409
    -0.51778
  -0.0721477
    -7.60434
   -0.970152
    0.465865
    -2.50096
    -1.46406
   -0.228002
    -5.54229
    -1.19818
   -0.226168
     5.04762
   -0.615873
    0.271997
  -0.0110633
    0.510582
    0.392041
    -0.18386
   -0.670578
      0.2373
   -0.412118
   -0.724484
   -0.210352
     4.71321
     1.34255
   -0.635589
    -1.22841
    -0.94713
  -0.0865028
    -2.18638
    -2.52388
    0.295103
    -2.66599
    -2.21781
  -0.0384159
   -0.801873
 0.000153772
   0.0125654
     7.30287
    -0.31939
   -0.462361
   0.0348328
   -0.369006
     0.19045
    -1.83703
   -0.248478
   -0.291684
    -3.11414
    0.627846
   -0.570215
    -4.92281
     2.22637
   0.0842258
   -0.294067
   -0.330002
    0.208533
    -6.38288
     1.38846
  -0.0566241
   -0.504071
    0.152427
   -0.282456
   -0.739447
   -0.919629
   -0.380116
     -0.4746
    0.748946
   -0.250788
     2.05667
   -0.375843
    0.301402
   -0.668905
      1.0688
   0.0825113
    -0.31197
    -3.28941
    0.268036
   -0.267447
   -0.311702
   -0.200184
    -3.23028
    -5.45664
    0.251038
   -0.196959
   0.0429457
   -0.131437
    -6.45931
     2.42411
   0.0307243
   -0.309591
    0.518631
    0.183856
   0.0640631
     1.22481
    0.423587
   -0.148779
    0.641687
    0.266514
      2.2023
    -9.17681
   -0.153254
    -2.88907
    -1.24668
   -0.221222
     1.83286
    -4.31542
  -0.0552796
     1.06344
   -0.540118
   -0.383661
    0.332392
    -1.08677
   0.0428459
   -0.652773
    -1.19577
   -0.305602
     2.69818
     -1.6367
    0.427348
   -0.324251
    -1.39135
  -0.0523487
    0.842363
    -10.1321
   -0.752559
    0.625272
   -0.271992
   -0.250206
   -0.944908
    -0.52309
    0.404496
   -0.795959
   -0.980176
    0.185294
      2.2542
    -1.82373
  -0.0559474
    0.265503
   -0.737906
   -0.295734
    -1.80836
   -0.505307
  -0.0683013
    0.770168
    0.490374
   -0.398621
    0.622808
    -2.19907
   -0.243351
     2.30311
    -2.25207
    0.398352
      4.5271
    0.249581
   -0.878914
     1.39889
     1.23784
     0.47636
       3.712
   -0.666415
   -0.467764
   -0.166681
  -0.0102988
    0.103212
   -0.236197
   0.0257097
     0.26884
    0.855526
   -0.897567
   -0.109345
     2.14072
    -2.15012
   -0.382672
   -0.251881
    -3.96747
   -0.147427
    0.654579
    0.906103
    -0.34495
   -0.128543
    0.778039
    0.267571
    -4.15098
    -8.00657
    0.894819
     6.25703
    -1.56308
   -0.179078
      2.9444
     -11.795
    0.959079
    0.957898
    -4.97051
   0.0513625
    -2.02789
    -1.13688
   -0.166216
    0.231577
  -0.0691899
  -0.0759741
    -3.59699
    -0.46902
   -0.244434
    0.336847
   -0.998339
    0.275429
    -1.29675
    0.308845
  -0.0774594
    0.417178
    0.395062
   -0.171217
   0.0700177
    -12.4675
   -0.977781
     1.68397
    0.117558
    0.528729
   -0.371334
   -0.706177
   -0.138076
   -0.353932
    -2.88356
   -0.628775
   -0.334868
    0.288544
   -0.146718
     2.49324
   -0.705042
   0.0333552
   -0.263745
    -1.08037
   -0.163685
    0.270256
   0.0438004
   -0.196638
   -0.171032
    -1.90448
   -0.322636
  -0.0780896
   -0.844409
    0.318093
   -0.634004
   -0.555651
  -0.0335834
     0.93067
    -2.05166
  -0.0084398
    -1.97578
    -3.55176
   0.0347179
     3.77517
   -0.925763
     -0.3173
     3.76527
    0.858446
   -0.185818
    -1.46236
    -1.01148
   -0.167646
    -4.48374
    -4.69425
  -0.0357472
      1.3516
    -6.80274
   -0.555218
  -0.0759031
   0.0109809
    0.195398
   -0.709959
   -0.104364
   -0.408172
   -0.988497
    -1.64423
   -0.653464
    -2.35951
    -1.36548
   -0.432204
   -0.173529
   -0.334724
    0.204281
     4.82096
    -2.22471
  -0.0820448
   -0.861541
    -2.47885
    0.695694
    -1.32373
    -4.16258
   -0.139581
   -0.885262
    -3.10329
   -0.702445
  -0.0531607
    0.663001
   -0.309428
    0.622407
    0.900383
   0.0572906
     0.38496
   -0.147776
   -0.254818
    0.308487
    -4.46029
    0.200259
    0.144406
      1.5804
   -0.441873
    -2.12573
    -1.60718
    0.390925
     -2.8148
     -1.7869
 -0.00550747
    0.213385
   -0.657098
   -0.123218
   -0.942874
   -0.899808
   -0.202871
    0.752046
    0.530829
    0.239654
    0.120233
    -1.19707
   -0.321611
      1.5029
    -1.25308
   -0.147828
     0.53366
  -0.0766246
  -0.0673421
    0.128463
    0.679638
   -0.124149
   -0.425636
   -0.129196
    0.324287
    -0.94837
    -1.06654
     0.42948
    -1.10677
    -1.06103
   -0.317508
  -0.0377962
  -0.0247485
   -0.205659
    0.754196
    -3.01985
     0.85389
    -1.85116
 -0.00313896
   -0.274596
   -0.420488
   -0.664745
    0.281996
   -0.427897
   0.0737493
    0.217477
    0.112153
    0.139265
     0.38689
   -0.257645
    -1.96744
   -0.429506
   -0.890244
    -3.60833
    0.173138
   -0.541982
    -7.71364
    0.705599
     1.65449
    -0.66085
  -0.0332476
     1.02194
   -0.292631
    0.197325
   0.0824932
    0.507486
   -0.178429
   -0.440162
    0.700454
    -0.22208
     2.90086
    -1.03823
   -0.285231
     4.64592
    -5.54739
   -0.548913
    -1.89036
    -1.16965
  -0.0916707
   0.0831863
    -2.92069
    0.161722
   -0.483692
  -0.0980202
    0.100394
     1.66286
   -0.739333
   -0.107994
  -0.0662505
   0.0421731
   -0.149555
    -1.58432
   -0.932916
   0.0882104
     2.96266
    -9.88199
   0.0445096
    -1.54798
   -0.585192
   -0.113583
   0.0476861
    -4.60141
   0.0414623
    -3.86511
     -1.4711
   0.0840425
   -0.460249
    -5.08049
    0.177309
   -0.939717
   -0.222128
   0.0483885
  0.00618461
    0.151828
    0.351968
    -1.21494
    0.841417
   -0.413497
    -1.11235
    0.399696
   -0.273657
     -1.1391
    -6.26486
   -0.405374
     1.07166
    0.117112
    0.313357
   -0.404796
      0.0472
    0.286845
    -3.98484
   -0.994846
 -0.00417561
    0.286299
   -0.338878
    0.293789
    -1.29941
   -0.848653
   -0.471263
    -1.26878
   -0.530457
   -0.178293
   -0.196142
   -0.129638
   -0.184842
    -4.55903
     1.60763
    0.597882
    -3.62201
   -0.107274
    0.427015
    0.411331
    -2.33485
   -0.372843
    -2.62379
     1.36109
    -0.59333
   -0.730921
    -1.08218
 -0.00167868
   -0.210443
  -0.0110279
   -0.148725
    -1.04685
    -4.84361
  -0.0230319
     0.34228
    -0.10619
   0.0124433
     1.13805
    -3.72633
   -0.445339
    0.293629
   -0.148493
    0.146408
    -1.76422
   0.0159886
    -0.31908
    0.463111
    -2.75628
   -0.298635
    -1.41788
     1.18314
    0.422163
    0.597053
    -1.03039
    0.126252
     2.54939
     2.13677
   -0.369744
    -1.18338
   -0.094211
  -0.0654662
    -1.57974
   -0.838533
   -0.263662
     -2.9726
    -2.09126
   -0.113792
    0.494365
    -5.08589
   0.0173201
     0.35978
    -1.03286
    0.392092
   -0.790768
   -0.523351
   -0.163983
    -0.60728
   -0.220356
     0.13239
  -0.0657954
   -0.757038
     0.19724
     1.46375
    0.674276
    0.319086
    -3.12188
    -1.84093
  -0.0368602
   -0.144325
   -0.322695
  -0.0319716
     1.40759
     1.72916
    0.721999
   -0.312872
    -1.35473
 -0.00638494
   -0.408643
   -0.625938
    0.205837
     3.52703
    -6.70574
   -0.428716
  -0.0503237
   -0.786644
      0.1765
     1.40495
    0.761335
   -0.031856
     1.22439
   -0.520072
   -0.318112
    -1.64849
     1.54457
    0.260667
    -1.17268
   -0.862626
  -0.0793904
    0.247261
   -0.113735
   -0.122795
  -0.0490576
    0.187703
    0.141039
    -2.29065
     2.18435
  -0.0927075
   -0.288232
   -0.098057
   -0.123505
      1.7045
     2.56762
   -0.493047
     1.66712
    0.112593
    0.756809
     1.04337
    0.121993
   -0.347186
     1.35281
   -0.463969
  -0.0216071
   -0.561522
   -0.207658
    0.162946
   -0.136732
   -0.726395
   -0.221703
    0.457426
     1.69073
   -0.420935
     1.31473
    -1.24851
    0.672844
      0.3885
   -0.163471
   -0.127356
     4.65987
    -2.62506
   -0.672558
      5.4773
     -2.7758
    0.862845
    0.908098
    -1.58454
  -0.0223291
   -0.214383
  -0.0853506
    0.210205
    0.189306
    0.239374
   -0.408004
    0.234818
   -0.235183
   -0.184746
      1.7587
   -0.866616
    0.550064
  0.00613715
     0.27975
    0.169107
   -0.533312
     3.04429
    0.174141
   -0.958055
   -0.741544
   0.0819853
   -0.306694
    -3.35132
    0.193828
     1.25822
     1.93434
    0.486044
     -0.2533
    -3.02834
    0.317467
    -0.70384
-0.000903265
   -0.145787
      0.2332
   -0.495346
    0.346436
    -1.05978
    -1.39728
   -0.326916
   0.0331822
   -0.723719
   -0.182969
     2.08907
    -0.79394
    0.332555
  -0.0888153
   -0.724618
   -0.195984
    0.306986
    0.501549
   -0.569642
   -0.574693
    0.499959
   -0.212176
    -2.69237
    -1.32773
   -0.381883
     1.80251
    0.699242
   -0.275202
  -0.0211871
    0.168308
   -0.270525
    0.321661
   -0.239396
   -0.239037
   0.0985726
  -0.0749953
     0.11285
   -0.768478
   -0.357911
  -0.0992275
     0.95655
     0.27735
   -0.129869
   -0.659056
     1.05435
   -0.416151
     0.20722
    -4.71161
    0.321382
  -0.0229473
    -1.61902
     0.17876
   0.0940586
    -2.67258
   -0.318467
    0.187945
    0.135417
    0.153043
   -0.153894
    0.276877
   -0.192875
    0.444317
     1.10401
   0.0473331
    -3.31107
    0.927679
    0.428005
   -0.501458
    0.490757
    0.245736
   -0.331709
   -0.179475
   -0.131562
   -0.753171
   -0.979728
   -0.391939
    0.346952
   -0.753196
   0.0231151
   -0.637651
   -0.186388
   -0.239288
    0.657623
   -0.556812
    0.237319
     1.38065
    -8.08387
    0.340532
    0.623727
   -0.317181
    0.304169
    -1.93769
   -0.566515
   -0.363214
 -0.00408353
     0.74305
   -0.324941
   -0.116474
  -0.0590746
    0.127964
   -0.134037
  -0.0410682
    0.127003
     3.05715
    -2.01818
  0.00776711
     2.40602
 -0.00635735
   -0.357622
     5.19385
    -7.23584
    0.242264
    0.386443
   -0.186403
    0.259074
  -0.0813748
    0.171227
    0.228048
    -6.22393
    -1.32223
   -0.881078
   -0.222175
     -1.8464
    0.220768
   -0.153978
    0.888934
    0.322063
    0.689835
    0.225652
   -0.275566
    0.413363
    -0.18502
   -0.244415
   -0.279432
   -0.316977
   -0.218312
   -0.173973
     0.12428
   -0.254924
    -2.59597
    -1.87088
  0.00645407
   -0.769255
   -0.557601
    -0.12486
   -0.253946
    0.124546
    0.240301
    0.552752
    0.268665
   -0.385419
    -1.58296
      1.7828
   -0.683244
   -0.725415
     1.11546
    0.491875
  0.00817406
   -0.280289
  -0.0342293
    0.495264
    -3.70358
    0.152632
  -0.0764622
   -0.752906
     0.12784
   0.0130228
    0.337024
   -0.372222
  -0.0764925
   -0.490659
    0.164584
    -1.03649
   -0.722725
    0.495811
   -0.875666
    0.113765
    0.208935
     1.26361
   -0.572264
   -0.218745
  -0.0527211
   -0.260562
     0.14166
     1.15635
    0.472415
   -0.246666
    0.464526
    0.451958
   -0.115217
    0.768542
    0.379073
   -0.164881
    0.487311
    -3.76086
     0.16095
   -0.966466
    -2.15139
    0.240914
    -4.25677
    0.315911
    0.172645
      3.7981
    -1.34546
   -0.172127
    -1.24614
     -2.3737
    0.243084
    -2.39202
    -3.19735
   -0.353143
    -1.58893
  -0.0613781
    0.294791
    0.309518
   -0.490997
   -0.212608
   -0.373744
   -0.331138
    0.197034
  -0.0975364
    -1.04614
   -0.153845
  -0.0464423
   -0.817674
   0.0858844
    0.811895
   -0.286982
    -0.16575
    -0.78918
   -0.400745
   -0.213619
  -0.0123046
    -5.97393
    0.120476
    0.755495
    0.239484
    0.325213
   0.0227776
   -0.251823
   -0.110905
   -0.728976
    0.564145
   -0.176357
    0.648916
   -0.191845
     0.29328
   -0.159219
    0.183172
   0.0940265
    -2.75855
     -1.7033
   0.0715373
    0.230688
   0.0670272
    0.184135
     -1.9938
   -0.885443
   0.0841647
   -0.659058
    -2.63824
    0.200968
    0.304756
    -4.79439
    0.235086
     0.98788
    0.646897
 -0.00734019
    -1.93386
    -2.19325
    0.393824
   -0.385238
   -0.012497
   -0.140752
    0.516653
     -1.1858
    0.165151
    0.329049
     0.31138
   -0.114191
   0.0537882
  -0.0181187
   -0.132246
    0.593415
    -1.08179
   -0.031371
    0.200686
    0.396424
   -0.217889
      -1.685
    -1.42751
     0.43369
     2.41982
    0.854872
   -0.144945
    0.642212
    -1.20854
  0.00395544
   -0.627123
    0.232587
   -0.242256
    0.304379
   -0.545214
   0.0289854
     4.42731
    -4.38135
    0.494159
  -0.0438423
    -1.20867
    0.137141
   -0.483483
   0.0304861
    0.210615
    -0.22798
    0.345784
    0.188362
   -0.053044
   0.0732168
    0.106531
     1.74535
    -3.13923
     0.44608
   -0.157414
  -0.0622679
   -0.115954
   -0.897842
     0.13609
   -0.127505
     1.36486
   -0.649908
   -0.197196
    0.116903
  -0.0587053
    -0.11039
    0.507304
   -0.236516
    0.100639
     2.52364
    -2.74044
    0.493025
   -0.329462
   -0.150343
   -0.233526
  -0.0498726
    0.228592
    0.235202
    -1.24834
   -0.321541
   -0.140691
     1.03562
     -1.8867
    0.117084
   -0.422916
   -0.146676
   -0.120185
    0.783088
    -3.39896
   -0.168351
   -0.259608
   -0.430046
    0.266569
    -2.19005
     0.67313
   -0.247042
     -1.3274
    -1.62486
    0.581849
    0.145863
  -0.0579104
   -0.106708
    -4.01616
    0.257315
   -0.137916
      1.2427
     1.53941
  -0.0960422
   -0.658863
   -0.394403
    -0.36244
    -1.25464
    0.574702
    0.302966
     1.54892
    -3.17988
   0.0774856
      0.3848
   -0.726113
  -0.0117474
    -2.08429
     1.01896
    0.295042
   -0.220811
   -0.103337
   -0.155343
    0.527652
    0.236919
    0.132898
   -0.798686
    0.172889
    0.100663
  -0.0256259
   -0.245071
   -0.146786
    -1.64598
    -6.17866
   -0.694271
    -1.98459
   -0.415609
   -0.102233
    0.223444
    -1.08927
    0.388034
    0.214754
     0.12402
    0.220747
    -1.33361
    0.053837
    0.236433
  -0.0912354
    0.119092
   -0.161959
    -0.57502
    -2.90758
    0.194458
    -1.63628
     1.20408
   -0.436078
    -1.05558
   -0.104564
    0.200319
     1.16311
    0.495918
   -0.314583
  -0.0207932
   -0.214496
   -0.140224
   -0.410695
    -3.09828
    0.225752
    0.156684
    0.443448
   -0.156338
    0.171198
    0.402819
   -0.186835
   -0.702779
   -0.122403
    0.134867
   -0.165106
   -0.986398
    0.319112
     3.22677
    -1.27441
    0.438177
   -0.342725
  -0.0297131
    -0.28986
    0.288331
   -0.190881
   -0.197547
   0.0648654
    0.585939
   -0.215706
     -4.7096
    -3.17097
  -0.0440128
    0.228842
    0.157126
    0.169352
     1.95046
     1.77978
   0.0475783
   -0.516358
   0.0102074
   -0.217638
   -0.739612
  -0.0121735
   -0.126996
    -0.13685
 -0.00737942
    0.146169
   -0.546876
    0.113036
   -0.204957
   0.0551706
 -0.00447382
  -0.0955683
     1.05458
    -1.63349
    0.197713
    0.732164
     -1.1028
    0.126584
   -0.424548
   0.0466539
   -0.191388
    -2.26919
    0.555864
    0.503682
   -0.106052
    -1.30993
    0.157668
    0.113042
  -0.0260725
   0.0881121
   -0.290167
    0.278375
    0.126653
   -0.401919
    -1.94804
   0.0917012
    -1.70731
    -2.23762
    0.227658
    0.545732
    0.398001
     0.20452
  -0.0839709
    0.023759
  -0.0690134
     1.12815
   -0.992504
    0.442598
 -0.00398418
   -0.068724
    0.045632
   -0.928669
   -0.543129
    0.250463
     -3.8788
     -1.1816
    -0.18711
    -2.91156
      4.3532
   -0.533391
    0.625245
   -0.216912
   -0.241294
     1.64682
     1.04771
   -0.264435
   -0.873196
     2.46264
    -0.97059
    0.926956
   -0.279662
   0.0383587
     1.11096
   -0.402915
    -0.18248
   -0.463996
    -0.58398
   -0.149822
    0.773168
    -1.56738
   -0.273679
    0.478847
   0.0212568
    0.348318
    -1.06265
   -0.199615
   -0.215914
    -1.90833
    -6.63723
   -0.436837
  -0.0813699
   -0.693294
    0.090596
    -2.68421
    -4.07391
   -0.535238
  -0.0637214
   0.0781332
    0.132443
   -0.035919
   -0.309623
     0.12662
    0.106832
   0.0288424
   -0.151458
   -0.157943
   -0.950736
    0.104263
    0.767507
   -0.532714
    0.301422
     1.09767
    -3.08306
    -0.11183
  -0.0896093
   -0.491125
    0.134773
   -0.421617
   0.0607524
     0.11947
   0.0854734
    -1.86643
   -0.139212
    0.394755
    0.160329
    0.124458
   -0.140555
   0.0604641
   -0.238074
   -0.827011
    0.770503
    0.304771
   -0.358469
   0.0318303
   -0.203645
     1.91364
    -4.93551
    -0.56489
    -2.36755
    -2.27249
   -0.280563
    0.330795
   -0.938158
    0.260097
    -3.22407
     -1.8648
    0.509005
     3.06945
    -3.97208
   -0.536737
    0.124456
   -0.934282
  -0.0931593
    0.551091
   -0.103345
    0.105134
    -2.11363
   -0.907384
   -0.383665
    0.493962
    0.334789
    0.187414
    0.821679
    0.492755
    0.250661
    -3.27649
      0.3373
  -0.0242098
   -0.147045
    0.184272
    0.101219
    0.970316
   -0.375423
   -0.198122
  -0.0916093
   -0.644418
   0.0772921
     1.16271
    0.619353
   -0.683223
   -0.306825
  -0.0125169
  -0.0664531
   -0.256333
   -0.529625
   0.0357652
   -0.110936
  0.00374561
   -0.108589
   -0.495796
     1.07828
    0.376109
    0.551848
    -5.13159
  -0.0647071
    0.791085
    -1.28716
   0.0262423
  -0.0628209
   0.0635839
   -0.111855
     1.07375
    -1.55073
   -0.250114
   -0.390786
   0.0494869
   -0.152975
 -0.00650619
  -0.0548202
   0.0449246
   0.0631161
   0.0209903
   0.0802727
   -0.458829
   0.0624669
  -0.0977122
      1.1891
    0.915472
  -0.0933234
  -0.0923449
   0.0157681
  -0.0635286
    -1.00691
   -0.239906
   -0.223807
  -0.0312038
   0.0780767
   0.0718874
    0.241176
    -2.47135
    0.379213
    -1.38037
      0.3239
    0.317727
    -2.22149
    0.574825
    -0.47696
    -4.02299
    0.880413
    0.421867
    0.913648
   -0.050146
   -0.407135
  -0.0124122
    0.040838
   0.0355956
    -1.22307
    -4.61659
    0.502121
    0.102796
    0.195289
   -0.132765
   0.0471283
    0.156445
    0.142763
    0.162156
   -0.716798
     0.29479
    0.185859
-0.000798386
    0.151983
     1.21212
    -2.42963
    0.193281
     1.27294
    0.407189
    0.309585
       0.275
   -0.447245
   -0.251008
     0.11751
   -0.512869
    0.215194
    0.941658
    -0.19125
   0.0987564
    -1.72534
    -1.39491
    0.223304
     -2.8506
    -3.47325
    0.460675
    -1.87123
    -1.12136
   -0.214825
   -0.367971
    -2.94491
    -0.33722
   -0.205081
    0.179004
    0.142595
    -0.40292
  -0.0161339
   -0.261486
    -1.37144
    -4.05498
   -0.448845
    0.222212
    0.274277
    0.307612
    0.440809
    0.119339
   -0.316419
    0.387888
   0.0152114
   -0.315284
    0.197843
   -0.493261
    0.211796
    -1.82439
  0.00598665
    0.384298
    -6.82034
     -5.6423
   0.0208783
    0.803986
    0.439348
    0.259825
    0.595179
    0.717157
   -0.349341
    0.233123
  -0.0178841
     0.11072
    0.322903
  -0.0703011
    -0.15957
   -0.436599
    0.111899
   -0.294033
  -0.0982694
    -3.51456
    0.141846
    0.678876
    0.756174
   -0.223345
     -1.3446
    -1.21427
    0.259774
    -3.60616
    0.727407
   -0.260098
    0.226469
  -0.0881917
   -0.178384
    -1.58267
    -1.12708
     0.18384
   -0.296792
   -0.610243
    0.337337
     1.36584
     -1.8112
   -0.231414
   -0.315336
   0.0483114
    0.181127
     2.84219
    -3.53567
    0.504387
   -0.323197
    0.286968
    0.188534
  -0.0811767
    0.338484
    -0.22292
    0.132427
    0.170677
    0.261428
     1.38807
    -2.79666
    0.272231
   -0.403242
   -0.138484
   -0.202774
     2.52177
   -0.728527
   -0.377159
     2.35138
    -3.25809
    0.458638
    -1.14915
    0.512348
     0.32404
  -0.0550591
    0.119084
    0.157929
   -0.538777
    -2.75824
    0.326238
    0.919125
    -1.44121
    0.290631
    0.240429
   -0.116989
    0.159345
     1.94667
    -0.53785
    0.361365
     1.19506
    -3.05746
    0.275772
     1.38768
   -0.723065
    0.230415
   -0.701503
     1.08316
    0.294339
   0.0866231
  0.00786976
   -0.193021
    0.203494
    0.516355
   -0.273768
    0.220765
   0.0256762
   -0.157569
    -2.11225
   -0.500779
    -0.33707
    -5.48604
     2.93622
    -1.16436
   -0.406143
    -2.07704
    0.233299
     0.36108
   -0.519195
   -0.227859
   -0.251838
    0.123801
    0.225494
    -3.27642
    0.239024
   -0.430266
    0.124232
    0.425254
  -0.0950925
  -0.0789356
   -0.693889
  -0.0475478
   -0.915889
    -4.21464
   -0.358424
   -0.218224
   -0.145641
    0.075454
    0.130276
    0.439815
    0.336224
  0.00509409
    -0.20795
    0.102837
    0.216427
    -1.46064
  -0.0223052
    -1.39538
    -4.41402
    0.447924
   -0.507527
    0.129162
    0.122693
   -0.256686
    0.024509
    0.223346
      0.7799
    -5.30087
   -0.534081
    0.870091
    -1.22689
   -0.206839
     1.00135
    -2.62966
    0.333955
   -0.211169
   -0.639741
   -0.232274
    0.750554
    -1.23836
  -0.0766003
   -0.852178
    -4.56342
   -0.494815
    0.182657
  -0.0760225
   -0.202189
     2.79294
   -0.290152
    0.464953
    0.567075
  -0.0493963
    0.111648
     2.94238
   -0.847039
   -0.539057
     0.32513
    0.225679
    0.315518
     1.00509
    0.616656
  -0.0766507
     2.61788
  -0.0202871
     0.51205
   -0.517575
   -0.339093
   -0.324124
   -0.143213
   -0.395601
   -0.184605
    0.140675
  -0.0168759
    0.132207
     1.68917
    0.383295
   -0.386763
   -0.794068
     1.14293
   -0.507479
    0.207631
  -0.0154945
   0.0718345
    0.641154
       1.301
   -0.486738
     1.09874
     1.20191
   -0.454426
      1.8365
    -1.22853
    0.325238
     0.15884
   -0.602556
  -0.0573297
    -1.12393
     -1.5253
    0.106716
     -1.1792
     0.29681
    -0.28581
   -0.290257
   0.0508427
    0.180158
   -0.145702
   -0.301773
    0.146904
   0.0516306
    0.130202
   -0.160943
     3.47957
    -1.45113
   -0.524946
   -0.245969
  0.00280845
    0.168625
   0.0355689
     -2.6294
    0.306075
    0.215691
    0.304427
   -0.105733
   -0.304356
    0.106339
    0.284849
    0.143158
    0.460561
   -0.282925
   -0.360397
   -0.278905
    0.193665
     1.43632
    0.221151
   -0.306922
     1.13364
    -2.87598
   0.0523523
    -7.67956
    -8.04706
     1.02935
    -1.02213
    0.317314
   -0.217758
    -1.44029
    -1.86963
   -0.138098
    0.394671
   -0.714053
    0.273353
    0.781557
    0.386391
    0.206131
   -0.217001
   0.0543831
    0.204069
    0.799918
     1.40451
   -0.255662
     0.30416
    0.382755
   -0.104924
    -1.75268
   -0.178905
   -0.328025
   -0.318366
   -0.348111
    0.132119
    -1.52669
    -1.18823
    0.283323
    0.607563
   -0.158207
   -0.298713
   -0.354076
      0.2129
    0.184958
    0.357473
   -0.945753
     0.33479
     2.04877
    -4.61868
    0.556267
    0.495978
  -0.0376006
   -0.268233
    0.432117
   -0.299446
    0.268446
   -0.056221
   -0.581443
   -0.186941
   -0.019272
    0.213313
    0.188179
    0.232143
   0.0277518
    0.229391
    0.127426
  -0.0365025
    -0.12819
    0.129219
   -0.130208
    0.165379
   -0.555491
    -3.38878
   0.0433591
    0.625475
   -0.194558
    0.206692
    0.282737
    -4.22595
    -1.03347
     1.68378
     1.04802
   -0.355306
   -0.165934
   0.0452816
    0.139076
   -0.221468
    0.605946
    0.266169
  -0.0567858
   -0.342354
     0.14001
    -1.79094
    -1.13557
    0.151491
    -1.28006
      -1.062
    0.117175
     1.97068
     1.51962
   -0.585373
   0.0565349
    -1.64178
    0.149519
     -2.0043
    -2.64383
    0.838866
   0.0442509
    0.108018
    0.142523
     0.30308
   -0.434863
   -0.286817
   -0.211907
    0.169357
    0.176025
   -0.208073
  -0.0906329
   -0.172165
   -0.136834
    0.313722
    0.210891
    -0.06866
    0.376977
    0.209308
    0.136274
    0.336601
   -0.127832
   0.0882996
    0.151061
   -0.135037
   0.0418822
    0.131757
   -0.125462
   -0.255949
   -0.326786
   0.0957639
     0.15283
    0.213592
   -0.280871
     0.51922
    -2.02052
    0.485378
    0.115616
   0.0824675
    0.146241
   -0.185423
   0.0538959
   -0.118733
   -0.471927
    0.502344
    0.143788
  -0.0555759
   0.0586323
    0.160204
    0.467321
  -0.0826019
   -0.263726
   -0.192042
   -0.635666
   -0.243655
 -0.00749952
   -0.172235
  0.00656311
    0.122316
   -0.375272
   -0.159107
   -0.526076
   -0.115852
   -0.295269
     7.40062
  -0.0713524
   -0.125884
    0.435853
    0.891687
    0.311839
    0.162119
   -0.349651
   0.0401235
    0.254003
     0.28764
  -0.0514501
    0.163783
   -0.048891
    0.144458
    0.393941
  -0.0524419
    0.173036
   -0.226343
    -1.15378
    0.389621
 -0.00861498
   -0.253439
    0.165729
    0.547004
    -1.11598
      0.1551
  -0.0665743
   -0.591565
   -0.134671
    0.512713
    0.204337
    0.151447
   0.0861885
   -0.344283
   -0.187411
    0.197448
   -0.260251
   0.0295929
    0.122342
    0.544446
   -0.238827
   -0.423941
   -0.079278
  -0.0640465
    0.210384
    0.377918
    0.179496
    0.205343
   0.0788499
    0.180668
   -0.273895
     0.36182
    0.246135
    0.613131
     -1.1815
    0.165488
    -0.63265
    0.178912
   -0.207159
   0.0860263
    0.030205
    0.127181
   -0.120801
  -0.0768896
   -0.127261
   -0.101417
   0.0668418
   0.0814854
    0.364614
    0.352138
 -0.00633325
   -0.628977
   -0.571834
   0.0139854
  -0.0511534
  0.00801911
  -0.0887156
   -0.305367
   -0.163418
   0.0705249
  -0.0797642
   0.0431673
   0.0783865
   -0.195128
    0.121459
   -0.171064
   0.0530256
  -0.0103009
   0.0769464
    0.076361
   0.0303878
    0.102304
    0.510116
    -1.11884
  -0.0609601
   -0.450043
   -0.051325
  -0.0652176
    0.279513
  -0.0336299
    0.165633
   -0.787467
   -0.487896
    0.118371
   -0.102902
    0.243782
    0.271996
     1.09958
    -1.54807
   -0.158364
    -1.24716
    -3.16084
   -0.152523
   -0.100709
    -2.53764
    0.150905