%%MatrixMarket matrix array real general 
234 1
1.12210246685141989964051845163
0.185556391730444275589562153073
-0.072490609699554509059993279152
0.925547297662398738005151699326
0.515928698823258979899719633977
0.269831319705647110218649231683
0.793606702252680928921790837194
-0.620175220494368240053972840542
-0.0688573987358392369806381339004
1.02248639713751310331701915857
0.18195678047537811039546795655
0.366621291294350226674936266136
0.845585367959566513995639525092
0.220744725344615505546741474063
-0.123038403900904119714354578718
0.0842786868672257272194769939233
0.739501224495281661575063480996
0.0544234132163545283877859048971
0.665734781276095088919930731208
-0.338587329284696592068826248578
-0.172589192085572828982975579493
0.820239092979372363956258595863
-0.177398838970325739561317845983
0.293731903338066924202820473511
-0.290482945511973122965088123237
0.706408439518116382238588357723
0.438683385499993860889844654594
0.0612054446923787492940149945753
-0.778125106052708681581009386719
0.175882628594943996036548128359
0.604729051609281365031733912474
0.254328697327524888560645877078
0.13691769355307190081383339475
0.566225435105621399678454963578
-0.256783122659863749515096742471
0.161432246895733017000296172228
-0.323034908267287423910829602391
0.426970512526233525463226214924
0.416418127048981567828178640411
-0.601442686434320639143891185086
0.533008586656894878252899161453
-0.0300365150768683863979902071151
-0.328291552266143815685950357874
-0.338947962593136975506524777302
-0.103319149366594240091465906062
-1.0636552266525383103612512059
0.845032379780251141632163580653
0.180937532953276969394096340693
-0.612670056016325070835648602952
-0.760225889538973409464972519345
-0.0829109244998160327400071878401
-0.870032460445228972290010460711
0.341830033725768034358338809398
0.123277123395221732682358606326
-1.03546089202159086184451552981
-0.661401867080081973249150451011
0.309328022912945699296471957496
-1.68702046232471603026681350457
0.605981206867417410144582845533
0.473742247318427345259550520495
-1.79146812415053902078909686679
0.823754064119461171245006880781
0.36721538875685050262731579096
-1.96269743809199348483218727779
0.776499451304982768462537023879
0.00224135696076104267565609617918
-1.83739145291251748659533404862
-0.509634767567189839176933219278
0.320319258077323143485415357645
-1.69479774714962960757702603587
-0.613129983200686901056997157866
-0.214757440090639795116089771909
-2.11890976428002231202185612347
0.366318685970199064971808411428
0.273465686844909072750198220092
-2.34337843970084502842610163498
0.590804269579603191786532079277
-0.084326587874820224666194690144
-2.42326764194328392321153842204
-0.337399017800085909701834907537
0.10916258529270835009317153208
-2.07193249510255173007067241997
-0.844548346191101306779103197186
0.0960390059762562392497997620922
-3.43118674378112809009166994656
-0.237109236869846057293997887427
0.0157378931868647868597133054891
3.44622900373153084885302632756
0.582889521136140564827599064301
0.664129229374069485203335716506
-2.69131360898393934277805783495
0.858278346322654428490750433411
0.100434371559277618723982072879
-2.84711150213118013851953946869
0.682040116667790075055677334603
0.451614389580395569900872487779
-4.02928479901625635761774901766
-0.229774663868075157413528586403
0.159808014486194749359526667831
-3.32878620039949302267245911935
-0.694433227758309512545054076327
-0.144711143480879017575446709998
-2.89239449525601655111017862509
0.434501305715095820225712941465
-0.0245364941853432189100558957762
-3.57531664211601141190044472751
0.399551278980344426461357443259
0.272151685067469728540601181521
-3.94258338625385107434340170585
-0.538300679838526252574126829131
0.0609547062456500116089941343489
-3.0045790221681585308033390902
-0.512287999662758841701304390881
0.199657606606301551988025266837
-1.46963550469909298712423151301
0.468308270174434826405018839068
-0.0257134891702685622338897530881
0.17586855884100774383149712321
-0.427469804726450464116283001204
0.321430289721799433699800374598
-3.02881388874842194525172089925
-0.714893343245316392753352374712
0.107642378214439754513520597357
0.399117808198624579585356286771
0.401873406100375030192140002328
-0.0268385950177358507950930999186
-0.716716656799867180005492173223
-0.307950886067005602519941476203
0.288367820313616407545964648307
-3.14717992591597806040226714686
-0.170645275019093350943322207058
-0.100637913876572879234849722252
0.798787425633514236444909784041
-0.475637712569715376265122586119
0.272600752489605357986590661312
-3.4868199565535302753005453269
-0.237444642487947277231796761043
-0.131547449641048252999553369591
1.09888543929333137860737679148
-0.0016116417263241518929850482067
0.116412421141217414799484686228
-1.30400937621728107984608868719
0.285422075594391200237254224703
0.353142844920040999134869252885
0.716763202451727865494035540905
0.572833284868458747496333671734
0.00760919931883965831864724549405
-1.36274597017055887349101794825
0.585812190216958184052487013105
0.00930119223839773190398716451455
-2.36368575518025014758904944756
0.70975648068029073556317598559
0.404013899281952026942832389977
-1.06526286690435267878740432934
0.658089029478628906311143964558
0.415659137002984846454012313188
0.166005229230649642424566536647
-0.653397925971564319524986785837
-0.0580147301187341965511556907131
0.617706081173995391608855243248
0.223569898876060019210498808206
0.40038390144827978867070328306
-2.66469719319187037243068516545
-0.37177146006475980666294844923
0.307681125942969813102934040216
-1.92407242422873325793375443027
0.691969934754457782766223772342
0.134343744710440804457363128677
-1.39891747888052142556603030243
-0.756211145121039596261880433303
0.00229336774846386872231396303334
0.413355428771244093333336877549
0.658807357156774409112642842956
0.273137863706759853599237430899
0.392180293812062319425137957296
0.651961320401424182513494542945
0.377641930691271610065484765073
-2.34672692097848445413887930044
0.600897099590695371595927554154
0.461313874624283526415524647746
0.523646947782350768996195711225
0.532603791469890119891772428673
0.439487426520990986933412614235
-1.66320428730169256326121285383
0.419485367416533083684271332459
0.0498181582670562117520773881552
-1.51429886871408614368306189135
0.577534844477489928138425057114
0.205121932574785420522189838266
0.527426671424919057962199531175
-0.515634765373768511054208829592
0.251231885719502445741824203651
0.496630729419504035604404634796
0.392516919168969191655804706897
0.42551271450215105707215457187
-0.0292310424061961414421428884225
-0.505874289732199944324975149357
-0.119809181967715699945742358068
1.03773494879333716411906607391
-0.242701152682602616650342497451
0.152627079757860883990616684969
0.556154797989883320497028762475
0.537624801668342811034051464958
-0.0257386823115176716081364816091
-0.921360761495076063809506194957
0.573208902477982729095629110816
0.459862565802728995301151826425
-1.08693999291114140604008753144
0.462966764640252104179296566144
0.456020196662000110165990918176
-1.48912864916393661296467598731
0.791266067350180790640479244757
0.0992759084477019826397992119382
0.530085075646189562981192011648
0.667545328112177704937835187593
0.166625795299578494113035276314
0.9024954392062579655586773697
-0.133688509459175597360314213802
-0.137221273335934562664917280017
1.04411942472752805599611747311
-0.220269729625515497950516419223
-0.0820228910339523414885221086479
-1.55045753830438903797528382711
0.312356371319804149155885397704
0.200307857575710429598458972578
-1.30110858210242996690908512392
0.477161303829685357058565386978
0.30296160812268907447375454467
0.842237272398765779435336753522
-0.337143273758725992017559747183
0.0666154346449460699197686608386
1.02411664736050234125741553726
-0.283949511443382540676338976482
0.0288072648497369673825652114374