  -6.43885
  -1.40661
   1.13178
  -19.6816
  -11.7667
  -5.84291
  -13.6494
   11.8438
   2.01404
  -23.6368
  -3.95942
  -10.0436
  -26.4794
   -7.2215
   6.02551
  -1.98374
  -19.2248
 0.0333561
  -15.0803
   7.68483
   6.92673
  -27.5007
   6.31987
  -11.5384
   9.22743
  -23.9911
  -15.6893
   -1.7192
    22.033
  -5.71622
  -42.9136
  -15.2528
   -8.6125
  -27.0718
   9.66893
  -8.32965
   6.46591
  -6.54333
  -10.1005
   22.3063
  -19.2405
   3.85826
   14.9457
   11.3908
    6.9481
   21.8647
  -20.0884
  -3.14506
    9.3381
   14.0444
   3.01216
    20.395
   -5.6631
   -2.2344
   44.7275
   30.0227
   -16.679
   20.6732
  -6.95902
  -7.72979
   40.5672
  -20.9445
  -9.34275
    40.615
    -17.44
   1.23064
    70.729
   18.1482
  -14.9626
   64.7819
   22.8923
   13.0027
   104.389
  -12.9992
  -12.5467
   31.6337
  -7.27009
   3.49636
   108.846
   11.2083
  -4.19576
   54.9767
   25.3733
  -3.39527
   112.636
   6.41285
   1.41287
   189.765
  -11.0757
  0.606507
   120.386
  -38.2387
   -2.7735
   91.6894
  -18.8521
  -14.5852
   142.022
   8.41261
  -15.0026
   100.036
   22.4433
   7.30661
   62.5704
  -6.68067
   4.18231
   186.177
   -19.706
  -12.5026
    128.11
   19.2147
  -2.92435
   53.6205
   10.2997
  -6.51054
   6.33667
  -1.66492
   1.32132
  -0.97738
   2.18539
   -3.2966
    51.447
   13.4133
  -2.71165
  -1.55567
  -1.35806
   1.56267
   6.39437
   1.43349
  -3.56126
   129.948
    6.8133
   7.60765
  -4.28796
   3.26141
  -2.40454
    12.616
    1.0841
   1.96517
  -15.9955
 -0.021526
   -1.6769
   6.21515
 -0.066411
  -2.52361
    -2.376
  -2.52807
   0.76726
   10.8193
  -5.19856
   1.17704
   25.3485
  -8.36707
  -5.25495
   17.5053
  -11.6754
  -8.03995
   -1.8894
   8.47654
   2.08472
  -3.26674
 -0.614475
  -3.36315
   7.18278
  0.701716
  -1.65332
   27.2591
   -6.1768
  0.790788
   34.8305
   20.5653
  0.197188
   11.2891
   -1.8912
   1.99373
  -4.47534
  -8.43742
  -4.76461
   4.20612
 -0.633877
  -1.65698
  -5.73845
  -5.97218
  -6.21601
   13.7028
  -2.32994
   0.26133
   44.3127
  -16.3915
  -6.15356
  -5.05827
    5.1693
  -3.40484
  -2.52426
  -2.05139
  -3.20204
  0.717876
   12.6451
    4.1118
  -5.22342
   1.48185
  -1.00239
  -5.23044
  -5.43728
   1.13101
   9.17759
  -5.65435
  -5.57391
   4.59414
  -1.64756
  -2.73006
   6.93881
  -4.59615
  0.111461
  -4.39097
  -6.24982
   -1.3423
  -10.8346
   1.64675
   2.94043
  -3.20516
  0.752365
  0.628744
   11.3283
  -1.46087
  -1.13494
   9.92756
  -3.48662
  -2.30315
  -11.9596
   4.87463
  -1.09813
  -1.51276
  0.481422
-0.0254346