    -3.32863
    -1.29213
   -0.123566
    -2.79874
    -1.36997
   -0.152806
    -1.56698
    -0.89234
    0.134613
    -1.74773
   -0.835471
    0.223493
    -3.25166
   -0.982394
    0.249906
    -1.70875
   -0.308057
  -0.0572571
    -3.14705
    -2.00692
   -0.389143
    -3.11682
    -2.18358
     0.12602
    -1.45964
   -0.434303
   -0.275225
    -2.05593
    -0.85105
   -0.499814
    -3.58554
     -1.2385
    0.611509
    -2.25225
     -1.1876
    0.584685
    -2.34078
    -1.98128
   -0.127115
     -3.5498
   -0.413077
    0.247782
    -1.53099
   -0.976361
   -0.418104
    -1.52043
    -1.03985
    0.426732
    -3.45498
    -0.61137
    0.746935
    -1.15708
   -0.118467
   -0.220061
    -3.63008
  -0.0919358
   -0.214019
    -2.53157
    -2.15582
   -0.546092
    -3.59482
     -3.5036
    0.271462
    -1.79756
   -0.327869
   -0.435776
     -2.6293
   -0.993805
    0.783262
     -2.3993
     -2.1227
    0.510199
    -1.80789
    -1.02783
   -0.626727
     -2.4004
  -0.0518473
    0.380807
    -1.74037
   -0.431218
     -0.5799
    -2.79438
    -3.04843
    -0.12376
    -2.96704
    -2.05867
     1.08707
    -2.66554
    0.291136
   -0.136231
    -1.40566
    -1.28096
    -0.51295
    -2.50842
    0.232533
    0.209029
    -1.82919
   -0.688046
    0.628887
    -2.81876
    -3.16849
    0.549053
    -1.24687
   -0.426798
    -0.48387
    -2.31892
    0.110073
   -0.488041
    -2.05355
    -2.25344
   -0.541088
    -3.05889
  -0.0687899
    0.844704
    -1.58452
    -1.59664
    0.612787
   -0.955615
    -0.88486
   -0.423108
   -0.550249
   -0.264753
    0.312196
   -0.890016
   -0.487731
   -0.400926
    -2.76635
    -3.55863
    0.232934
    -1.11825
    -1.37425
   -0.146616
    -1.97128
    0.373854
    0.361069
    -2.40586
    0.503832
   -0.580784
   -0.926491
    -1.05092
    0.479213
    -1.72467
    -1.87008
    0.755393
   -0.433236
   0.0183385
   -0.267475
    -1.72863
    -2.50492
 -0.00528984
    -1.01817
   -0.569948
   -0.520357
    -1.52558
   -0.856823
    0.782684
    -1.02767
  -0.0101907
    0.563593
    -3.22427
     1.09046
   -0.194463
    -2.21933
     0.76452
    0.220303
     -1.6436
     -1.9653
   -0.812134
    -1.68555
    -2.37874
    0.639966
    -2.17056
    -3.26427
    0.466581
    -1.02987
    -1.07888
    0.541026
    -3.23177
    -5.06508
   -0.498915
    -2.06682
    -2.39555
   -0.959034
    -1.32801
    0.355532
    0.513724
    -1.86392
    -2.91837
   -0.567108
   -0.860657
  -0.0253142
   -0.437105
    -1.16784
   -0.924787
   -0.601639
    -1.44882
    -1.46345
   -0.695667
    -1.11944
    -1.06778
    0.723046
   -0.762747
   -0.174088
    0.486234
   -0.957238
    -1.57418
    0.140318
    -1.21037
    -0.78932
    0.552014
   -0.732886
    -1.14731
   -0.348797
    -1.10109
    -1.36401
    0.669745
     -1.4819
   -0.784478
   -0.747272
    -1.94329
    0.904625
    0.420092
    -1.08734
    -1.74512
   -0.688214
    -3.99939
     1.81933
    -0.86517
    -0.80141
    0.074048
    0.464485
    -1.63976
    -1.94763
    0.614998
    -1.97527
    -1.51312
    0.659777
    -1.59861
  -0.0633336
   -0.755933
    -2.14606
    -2.44785
   -0.536043
    -2.45167
    -1.75594
   -0.671854
    -2.50124
     1.63794
   -0.244056
    -1.49557
    0.536932
    0.706023
    -1.50598
    -1.69106
    0.141964
     -1.8012
    -3.48941
    0.757549
    -2.35077
     1.50723
    0.272943
    -1.12826
    0.540287
   -0.549556
    -1.73429
    -2.87698
    -1.04798
    -1.16994
   -0.287601
    0.576517
    -3.10928
    -6.66678
   -0.374596
    -1.37193
     -2.0808
   -0.486199
    -3.18479
    -6.90681
    0.187926
    -2.17027
    -4.54607
    0.569824
    -2.52769
    -5.24497
   -0.853554
    -2.82491
    -1.59358
    0.211885
   -0.461078
   -0.877232
    0.385594
    -3.07805
    -1.03577
    0.909352
   -0.844873
    -1.44143
     0.24538
    -1.60228
    -2.64635
    0.691588
    -1.81746
   -0.884033
   -0.480653
   -0.888168
    0.351324
   -0.499285
    -1.13599
        -2.3
     0.61939
    -1.23235
    -2.03438
   -0.137993
    -1.74138
     1.17687
    0.565856
    -1.77122
   -0.239402
   -0.844942
   -0.786001
     -1.6635
    0.591609
    -2.39673
     2.27385
    -0.13226
     -3.0398
     2.49321
    -1.06759
    -1.35753
    -3.10868
    0.805555
    -1.15374
    -2.35814
    0.523452
   -0.857524
    0.209494
    0.465784
    -1.16933
    -2.56404
  -0.0933907
    -2.08274
    -5.45824
   -0.866674
   -0.995377
    0.120626
    0.606492
    -1.76915
   -0.366742
    0.247648
    -1.05371
    -2.60149
   -0.795426
    -1.03852
    -2.54932
    0.393453
    -1.33738
  -0.0938645
   -0.504042
    -1.07626
    -2.85574
   -0.820849
     -1.4155
    0.112052
   -0.852434
   -0.727767
  -0.0257252
    0.452434
   -0.464656
    -1.31556
   -0.511256
    -1.64891
    -4.92423
    0.824418
    -1.04463
    -2.87389
     -0.7746
    -2.27016
    -7.12947
   -0.218524
     -2.3159
    -7.26476
    0.616164
   -0.872173
     1.19793
    0.183973
   -0.867548
     1.07321
    0.412299
    -2.08701
    -5.85688
   -0.791106
    -1.25868
     1.64063
   -0.559742
   -0.319248
    0.372335
    0.280034
   -0.375696
    0.336223
    0.363516
   -0.503614
    -1.72179
    0.497446
    -1.43182
    0.576288
    0.365584
   -0.591252
    -1.91084
   -0.479607
    -1.13551
     1.27198
   -0.894909
   -0.501382
    0.447391
   -0.537046
    -0.76582
    0.022978
    0.010218
    -1.56938
     2.75132
   -0.237137
    -1.15232
    -4.55647
   -0.766504
   -0.593795
    -2.19022
   -0.496413
   -0.473769
    -2.03938
    0.091187
   -0.573905
    -2.44352
    0.565884
    -1.65858
    0.562879
   -0.655847
   -0.368305
    0.351911
    0.432188
   -0.314832
    -1.43471
    0.477139
    -1.02578
    0.481764
   -0.779087
   -0.652163
   0.0804084
    0.423492
   -0.452734
    -1.90929
    0.424952
    -1.10757
    -5.24419
    0.156701
   -0.286818
     -1.3318
    0.418982
    -0.75499
    0.632217
   -0.699715
     -1.3323
    -6.73166
    0.806315
   -0.554278
    -2.66594
    0.675445
   -0.666655
    -3.25572
   -0.888828
   -0.813496
    -4.89117
   -0.270966
    -0.77206
     1.81852
    0.651163
   -0.677156
   0.0224998
   -0.102538
    -1.08753
     2.89429
    0.266273
   -0.710133
    0.112902
    0.182597
   -0.424951
    0.197353
    0.569329
   -0.146228
   -0.973769
    0.317386
   -0.224451
    0.210099
    0.354604
   -0.519868
    -3.04849
    -0.40038
    -0.36389
    0.851934
   -0.432106
   -0.398152
     -2.4915
   -0.444196
   -0.356402
    -2.52135
   -0.664098
   -0.483531
     1.60744
   -0.543683
   -0.872496
     3.33631
   -0.383965
   -0.411056
     -3.7392
    0.121073
   -0.539624
    0.137595
    0.576584
   -0.330411
    -3.36328
    0.501226
   -0.164702
     0.54683
    0.386947
   -0.397879
    0.461344
   -0.836565
   -0.445912
    0.194708
   -0.464074
   -0.219327
    -2.85427
   0.0915215
   -0.155537
    -2.10156
   -0.641849
  -0.0751773
    -1.33528
    0.249323
   -0.155825
    -2.90456
   -0.524263
   -0.206875
     1.52414
   -0.988565
   -0.288914
     3.23619
    0.194326
   -0.133854
    -3.68117
   -0.920099
   -0.125913
     1.40635
    0.509136
   -0.072278
    -2.26945
   -0.286121
   -0.264089
    0.320033
     0.16749
   -0.128689
    -5.55711
   -0.150663
   -0.115236
    0.347159
    0.768846
  -0.0273299
    -1.09904
    0.301781
  -0.0891519
    -3.40421
    0.780472
  -0.0425554
    -2.05181
   -0.353809
  -0.0314517
    -1.74276
    0.405813
    0.132512
    -5.04879
    -1.06255
   0.0680546
    0.177629
   -0.616087
    0.140525
    -4.84295
    0.252084
    0.138859
    -4.58097
     -1.0731
    0.124995
     -3.3276
    0.865293
    0.179665
     2.78781
   -0.513764
    0.104545
    -2.61117
     0.42983
   0.0884053
     0.31978
   -0.539232
    0.156629
    0.620613
   -0.638369
    0.141891
     1.24793
   -0.669074
     0.48602
    0.348164
    0.762559
    0.135597
    0.299985
     0.55806
    0.246121
    0.897682
    0.787824
    0.175855
     -2.4693
    0.737574
    0.298987
    -3.60365
     0.45251
    0.112102
     -1.2894
  -0.0099941
    0.208711
    0.969657
    0.572058
    0.573177
    0.142174
   -0.546163
    0.520137
    -5.41528
    -0.67688
    0.167516
    0.848135
    0.324019
    0.559474
    -5.26115
    -0.17591
    0.600317
     2.93946
    0.218042
    0.545215
    -4.46563
   -0.529003
    0.572996
     0.41366
    0.756751
      0.2749
    -1.99745
    0.521438
    0.600869
    0.284508
   -0.627128
    0.611744
    -3.92408
    0.906727
     1.24233
    0.146864
   0.0893555
    0.366441
     1.07535
   -0.410642
     0.55637
    -3.56728
    0.518846
    0.290646
     -1.9038
   -0.587185
      0.5639
    -3.23563
    0.268791
    0.442065
    0.827574
    0.691138
    0.772619
     2.15134
   -0.258105
    0.637006
    -3.60486
    0.674521
     1.19594
    -6.77682
     0.32999
     0.72272
    -3.53466
   -0.689713
    0.270989
     -1.5122
   -0.133517
    0.664923
    0.484794
   -0.815925
    0.662016
  -0.0368609
    0.372325
    0.277596
    -1.39993
   -0.405243
    0.491732
    -2.24719
    -0.63105
     1.41428
    0.412322
   -0.326868
    0.620699
     -2.6642
   -0.717451
    0.923588
    -4.00585
   -0.720274
      0.9573
    0.254438
   -0.576587
    0.966661
     -3.7548
    0.793338
     1.23547
     2.12518
     0.87825
    0.790373
    -3.28433
   -0.447456
     1.58419
    -6.70214
   -0.202317
     1.04416
     2.05999
    0.167494
    0.227353
    0.107105
    0.284925
      1.9261
    -7.34385
    0.906992
    0.709356
     1.16115
   -0.373726
     0.50511
    -1.87266
   0.0950722
    0.981209
    -3.29509
    0.847906
     1.50636
    0.370338
   0.0968777
    0.489033
    -1.71984
   -0.537003
    0.942303
      1.1115
   -0.595568
    0.317183
    0.318778
   -0.302556
    0.772912
    0.572068
    -0.71173
     1.48545
     -4.3588
   -0.390397
     0.46441
    -1.39848
    0.530842
     1.00317
    0.108589
    0.377572
    0.446815
   0.0774439
    0.363148
     1.62774
    -4.15431
    0.655657
    0.735778
  -0.0163205
   -0.466721
      1.0659
    -2.85505
    0.751263
     1.12297
     1.02103
    0.725967
     2.45499
   -0.153343
   -0.434647
     1.10923
    -3.07722
    0.274389
     1.57194
     1.82663
   -0.333488
    0.779196
    -1.88265
    0.573171
     0.77292
    -2.03886
    0.148942
    0.549037
    0.275601
     0.37985
    0.425821
   0.0543754
   -0.343325
      1.5157
    -3.36383
    -0.71732
     1.18756
   -0.280521
    0.104015
     1.50038
    -3.84848
   -0.603023
     1.99708
     1.85997
    0.730869
    0.430685
    -1.01375
    0.380786
    0.957042
    0.274869
   -0.573001
     1.41553
     1.46561
    0.160087
     1.13604
    -2.96065
  -0.0898607
     1.92322
   -0.234343
    0.766139
     2.68646
    -5.13446
    -0.52832
     0.67342
   -0.108152
   -0.382123
     1.06645
    -2.25259
   -0.748757
     1.03856
    -2.27727
   -0.764267
     2.13334
    -0.95399
   -0.277424
     1.68729
    0.178729
    0.891016
     1.10486
    -2.02857
   -0.624164
     1.05331
     0.44565
    0.631453
     2.42606
    -1.16658
    0.343603
     1.52791
    -2.52961
    0.584617
     1.11933
    -2.04101
   -0.653535
     4.01123
     -5.7117
    0.257091
    0.939261
    -1.81635
   -0.629543
     1.63297
   -0.617032
    0.654612
     1.55877
    -2.31372
   -0.461863
    0.842844
    -1.76458
    0.122016
     1.02675
    0.746202
   -0.117299
     1.47414
    -2.34895
    0.760205
     2.74588
    -2.02083
    0.107015
     1.90166
     1.17498
   -0.575479
     2.27889
    -4.64732
    0.781378
     1.62925
    0.661136
   -0.807099
     1.04814
   -0.869606
   -0.455933
     2.17424
   -0.854065
   -0.839772
    0.679867
    -1.36792
   -0.110505
     2.08045
     1.42292
    0.299417
     1.58133
    -1.73836
    0.121845
     1.14471
    -2.08123
    -0.59641
     2.17505
    -2.52653
    -0.78046
    0.870906
    0.148665
   -0.463665
     2.80462
    -2.98249
     0.76569
    0.807752
   -0.683847
    0.516337
     2.18712
    -2.68284
   -0.872722
     1.25448
    -2.24581
   -0.421846
    0.802941
   -0.231803
   -0.455723
     1.91026
    0.942521
    0.571686
     1.61696
    -2.62881
    0.829468
    0.970378
   -0.424951
     0.53324
      1.2672
    -1.25337
    0.636678
     2.10765
    -3.62849
   -0.391391
     1.28923
    -1.72131
    0.784667
     1.19639
   -0.954328
    0.635106
     2.03225
    -1.37103
    -1.00358
      1.7621
    0.872841
    0.019946
      1.3295
    -2.19632
   0.0565127
     1.07909
    -1.63401
    0.487489
     1.44443
    -1.30028
   -0.737598
     1.95109
    -2.33817
    -1.00568
     1.28119
    -1.65116
    -0.63584
    0.553124
   -0.164795
   -0.375654
     3.51999
    0.715189
     1.11419
     1.21369
   -0.451513
    0.602512
     2.49705
    0.562479
   -0.724137
     1.29786
    -1.53775
    0.618536
      2.1927
    -3.21748
    0.530054
      1.7638
    0.630749
   -0.265937
     1.60973
    0.551438
    0.191764
     1.57649
  0.00312014
   -0.682439
    0.898288
   -0.759008
    0.539641
      2.3001
    -1.77163
   -0.935862
     1.07267
   -0.236275
    0.528748
    0.671291
   -0.750938
   -0.383602
    0.768938
  -0.0468861
    0.401736
     4.60291
     -6.1065
    -1.17953
    0.605235
   -0.189596
   -0.310608
     2.45934
    0.534029
  0.00732755
     2.52489
    0.466258
    0.432067
     1.84468
    -1.27904
   -0.753064
     3.45203
    -4.50495
   -0.161002
     1.91206
     -1.9958
    0.741378
     3.17876
    -2.56194
     1.21464
     2.27915
    -2.35529
   -0.807506
    0.671454
   -0.032522
    0.303135
     3.22249
    -3.84522
     0.47525
     3.72322
   -0.198332
     -1.0879
      0.9918
   -0.363099
   -0.479332
      2.7663
    -1.93141
   -0.908189
      1.2881
   -0.538851
    0.562967
     2.61028
    -2.66893
    0.680634
     3.42464
    0.316114
   -0.508525
     3.01141
   -0.663772
   -0.925271
     2.35993
   -0.233889
    0.472323
      4.0332
    -3.78612
   -0.761605
     2.77516
    -2.71156
   -0.339871
     2.24863
  0.00829601
    0.262083
     3.74471
  -0.0729217
 -0.00675233
     2.20951
    -1.60453
    0.737549
      1.6758
   -0.925354
   -0.638885
      4.4858
    -4.37146
    0.206373
     3.24908
    -1.84463
    0.985814
     3.27209
    -2.76933
    0.573024
      2.0287
   -0.755436
    0.684108
      2.1807
   -0.531511
    0.489084
     2.29463
    -1.58196
   -0.608043
     4.41153
   -0.516366
   -0.566813
     2.52848
   -0.818718
   -0.520515
     3.50176
      -2.164
    0.591941
     3.73328
    -0.83304
    0.266562
     3.87947
    -2.04885
   -0.691468
     4.04061
    -2.80499
   -0.361913
      5.1595
    -3.83854
    0.280974
     1.62903
   -0.473016
   -0.142337
     1.85586
   -0.422961
 -0.00118764
      3.0027
    -1.20598
    0.333837
     3.65633
    -2.16325
    0.132112
     1.80381
   -0.803442
    -0.12173
   -0.501648
    0.384842
   -0.352695
   -0.252452
   0.0817626
   -0.232684
    -4.76438
    -6.19997
    -0.09256
    -8.92844
    -7.64699
    -1.02708
    -3.87978
    -2.66649
   -0.428412
     -7.3877
    -5.10389
    0.785531
   -0.612653
    0.408399
   -0.379694
    -9.59878
    -3.04344
    0.683302
    -5.93833
     5.26358
    0.288675
     3.24473
     1.51734
    0.363824
    -9.30429
    -8.78895
    0.325052
    -7.74077
    -11.8466
   -0.474112
   -0.708767
    -10.3769
    0.208948
    -5.37109
    -7.00646
    0.767689
    -7.50558
    -7.55178
   -0.958345
     -5.2027
    -5.40131
    0.629439
    -5.28253
    -3.90573
   -0.637748
    -4.89403
    -4.13988
    0.656614
    -7.32021
    -2.44002
   -0.424947
    -5.79188
    -2.03348
    0.665495
    -5.17988
   -0.695953
   -0.641862
     -1.7335
   0.0867061
   -0.355779
    -0.55382
    0.332762
   -0.412912
    0.973267
    -1.31278
    0.120571
    -6.93608
    -13.2634
    -1.24301
    -8.49008
    -14.5346
    -1.21901
     -5.1358
    0.444602
   -0.807558
    -5.72347
    0.294798
    0.933415
    -5.20658
     1.74194
   -0.754322
    -2.21643
     2.80068
   -0.887641
     1.92193
     2.48045
    0.308921
     6.10154
    -8.94967
   -0.744102
     1.18396
     3.50435
    0.694113
    -4.47058
    -12.6723
   -0.915065
    -4.99724
    -12.2183
    -1.17311
    -4.47726
    -11.6647
     0.88843
    -4.59636
      4.1637
   -0.683579
     5.90464
    -4.23783
   -0.124442
    -6.60408
    -12.4819
    0.259935
    -5.57781
      2.6666
     1.36284
     3.35099
     3.19237
    0.641856
   -0.977654
    -12.6283
  -0.0970835
    -6.58831
   -0.360734
    -0.13245
    -1.75573
    -10.6757
   -0.738822
    -3.03725
    -12.1381
    0.810559
     5.95332
     -11.158
    0.515288
    -1.27842
    -12.0314
   -0.748993
     1.50617
    -5.29114
  -0.0632574
     4.37557
     2.07895
   -0.118237
     -0.1452
    -14.6677
   -0.793455
    0.103302
    -7.83764
    0.587344
   -0.131399
    -6.71033
    0.484342
    -1.77418
     1.51668
   -0.450841
     3.60617
    -8.47421
    0.166079
    -1.76984
     1.96945
    0.640281
   -0.104072
     2.96666
    -0.77697
   0.0667603
     3.16793
     1.09934
   -0.260905
     3.32019
   -0.623116
    0.165639
     3.75685
    0.958203
   -0.569301
    -1.39823
    0.382627
     1.17791
    -12.2424
    0.882032
     1.00025
    -9.66914
   -0.816942
    -6.42954
    -8.17898
    0.276925
     5.87282
    -2.29577
    0.307187
     1.23444
     2.08025
   -0.669839
     2.49431
    -11.1022
   -0.938629
     2.27512
    -12.1527
      1.1017
      1.8037
    0.135902
   -0.520296
    -2.85481
    -10.6193
   -0.261946
    0.899168
    0.388875
   -0.327824
     2.52607
     2.21408
   -0.768264
    -3.80546
    -6.14624
    0.785687
     3.07795
    -9.12472
   -0.687177
     3.90124
    -10.7702
    0.820273
    0.392793
   -0.530211
    0.237087
   -0.911445
    -5.66756
    0.469792
    -5.79418
    -16.4075
    0.404565
     1.64264
     -4.9516
   0.0836338
     4.08998
     2.31999
   -0.845045
     -7.1192
    -4.80178
    0.873152
   -0.707675
   -0.323043
   -0.274596
     2.22869
     1.73033
   -0.341224
     2.69019
    -5.53616
   -0.247873
    -2.65875
    -3.58458
   -0.488962
      3.7758
    -6.91289
    0.666742
     6.59503
    -10.8715
    -1.04842
     1.11804
     1.31729
    0.821963
    -2.78548
     2.47556
    0.298136
     5.60034
    0.312611
   -0.661223
     3.12878
    0.859855
     0.68432
     4.81745
     1.11536
   -0.764968
     7.26099
     2.04281
    0.655482
    -2.12237
     2.58665
    0.374569
    -4.39626
    -4.59241
    0.165304
     4.29596
    -7.36759
     0.09131
     2.12592
    -4.88493
    0.505285
    -2.64658
     -7.4001
   -0.175243
   -0.280878
   -0.400143
   -0.180122
     4.50979
    -6.69143
    0.771801
     6.15307
    -7.25688
   -0.965651
     6.12885
    -7.39983
    0.787793
    -7.49612
  -0.0272616
     0.65389
     9.75752
    -9.53021
     1.13875
    -1.72652
     1.96211
    0.646132
     10.1954
    -8.83959
   -0.650625
     7.68431
    -4.64789
     -1.1158
     6.51088
    -2.63592
   -0.716782
     8.03462
     -3.3623
     1.07276
    -0.84784
   -0.505115
    0.289861
     7.30165
    -1.21607
    -1.21312
     8.73816
    -1.79053
     1.16098
     7.29015
    0.611422
   -0.597718
     6.27481
    0.623153
     0.93859
    0.530701
   -0.562045
     0.26697
    0.501084
    0.448654
   -0.289441
   0.0197474
  -0.0717542
   -0.260555
    -6.17303
     -1.0617
    0.153624
     -4.3595
    -9.32833
 -0.00181543
     8.96793
    -7.75902
   -0.739465
     8.82459
    -7.55947
    0.867754
     6.72931
    -4.42182
    0.390024
     3.57427
    -1.70647
   -0.390057
     5.97238
    -3.21376
    0.478136
     5.54423
    -1.67269
   -0.290769
      5.7851
    -1.74443
    0.658396
    0.296331
    0.731223
    0.396809
    -1.34256
     4.82224
    0.730305
    -2.05591
     1.56686
    0.599447
   -0.330099
   -0.209614
   0.0926321
   -0.282313
  -0.0809289
   -0.175928
    -5.85916
    -5.23908
    0.846945
   -0.104556
     1.11195
   -0.162276
    0.621752
    -1.33948
    0.291088
   -0.711124
    -5.28494
    0.464471
    0.615266
    -9.13915
  -0.0859938
    -5.19989
    -2.96955
   0.0882747
     5.12114
    -11.4906
   -0.930968
    -8.46584
    -9.12935
    -1.11586
   -0.279376
    0.459145
    0.283616
    0.719766
    -2.24591
   -0.220915
   -0.351353
   -0.276463
   -0.220974
     2.33568
   -0.421699
    0.129237
    0.386359
   -0.786393
    0.290953
    -2.84181
    -1.23444
   -0.486526
    -1.01393
    -7.82591
    -0.33172
    -1.01571
    -2.45084
    0.409247
    -8.01185
    -3.02616
   -0.849992
     6.83724
    -5.18637
    0.860468
     3.52117
    -11.7719
     1.09455
     5.72705
    -7.33563
      -0.215
    0.441419
    -8.76097
   -0.176364
   -0.518614
    0.153068
   -0.455969
   -0.577324
   -0.207254
   -0.392947
    -2.38991
   -0.657454
    0.156728
 -0.00999734
    -0.45799
   0.0816581
     6.44451
    -7.89458
    0.453581
     5.13525
   -0.577744
   -0.846095
    0.337134
     4.16953
  -0.0797595
    -1.21306
     0.13069
    0.397083
     1.38359
     1.81511
      0.3927
    -1.95866
    -4.57722
   -0.452919
     -0.2723
    0.544386
   0.0738668
   0.0357638
     -1.8917
   0.0120405
     0.82528
    0.464913
   -0.112341
   -0.234053
    -1.52393
    0.303367
    0.280071
    -1.75762
   -0.328429
     -4.3839
    -6.71111
    0.198598
    0.467231
  -0.0883119
    0.182786
    -0.12729
     0.18299
   -0.219522
    -4.11433
    0.408824
     0.69633
     4.82252
    -8.31181
   -0.262645
    0.198216
  -0.0170148
    0.197304
     2.64946
      4.2379
     0.15862
     0.98348
   -0.514092
   -0.518149
    -2.52235
    -10.0692
   0.0931579
     1.74325
    -12.1562
     0.23275
     4.50073
    -2.69439
     0.33775
     4.56372
    -1.37875
   0.0912547
     1.27646
     2.23598
    0.242238
    0.198044
   -0.892524
   -0.173004
     1.13477
    -0.30973
   -0.311794
       4.611
    -2.59089
   -0.095018
    -3.08226
    -2.39156
   -0.237884
     4.74222
     -11.829
    0.326962
     2.14434
    -1.04286
     0.38329
    -3.19606
     5.34592
    0.531027
   -0.906869
     1.94619
     0.76776
    0.978427
   -0.834521
   -0.309526
    0.235808
    0.954001
   -0.646943
    0.495306
  -0.0858476
    0.146092
    -1.30052
  -0.0936425
    -0.32605
     2.44249
     1.62598
    0.408807
   -0.201696
    -2.01925
   -0.104755
    -1.59443
    -2.41445
   -0.178912
   -0.650408
    -8.58347
   -0.733126
    -8.17271
       4.795
   -0.122622
    0.560371
   0.0900584
-0.000471386
     2.76011
     2.86594
    0.376232
     2.68622
     1.95335
    0.384912
   -0.159312
    0.843683
     0.21444
    -2.91803
    -5.29948
    0.518552
    -3.76688
    -1.94586
   -0.389879
    -2.91972
     1.94008
   -0.214831
     4.49518
  -0.0825292
    0.667426
      6.5852
   -0.178179
    0.516552
     2.50675
    -2.82823
 3.21291e-05
   -0.608325
   -0.105775
   -0.313658
   -0.345659
    0.186562
   -0.333192
    -1.11741
     -4.7502
   -0.188763
    -8.75297
    -4.19242
     1.17088
  -0.0124332
    0.182013
    0.184446
     1.08483
     2.36789
    0.874055
   -0.775883
   -0.459049
    0.502106
      1.6616
    -5.86329
   -0.347179
   -0.359316
  -0.0670564
    0.347111
    -0.94185
    0.224877
   0.0421998
    -2.74226
    -3.24562
   -0.422367
  -0.0744031
   -0.625134
    0.253668
    0.242562
   -0.566652
    0.202761
    -1.37228
   -0.829029
  -0.0341581
   -0.345905
   -0.170233
   0.0951769
    -1.50808
   -0.523229
   -0.366006
    0.924983
   -0.163032
   -0.204792
   -0.934313
   -0.351469
   -0.319564
    -1.37135
  -0.0174248
   0.0977842
   -0.689254
   -0.501586
    -0.28925
    -1.00054
   -0.924383
     0.46262
   -0.285249
 -0.00255018
   -0.028286
    -3.10031
   -0.570517
    -0.14929
    -1.58501
     -1.1414
   -0.705791
    -0.85194
   -0.672684
   -0.435021
    -1.19339
    -1.03726
    0.642481
    -1.37053
    -1.09787
     0.66481
    -1.80791
    -2.07802
   -0.630612
    0.988616
   -0.259574
    0.130615
    -1.42992
   -0.545277
     0.59882
     1.34803
   -0.749272
    -0.11207
   -0.743909
   -0.958834
   -0.185538
     7.23039
    -7.49643
   -0.439016
   -0.680349
   -0.640621
   -0.310004
    -1.70456
    -2.17796
  -0.0136908
    -1.67761
    -2.52817
     0.14465
    -1.18531
    0.343493
    0.242212
   -0.471813
   0.0509207
   -0.196278
   -0.650179
    -1.01247
    0.407583
  -0.0936221
    -7.55245
    0.146013
    -1.54059
    -2.29607
    0.771955
    0.516042
    -1.16589
   -0.257687
   -0.618737
    -1.05073
 -0.00663094
   -0.237744
  -0.0313481
    0.239847
   -0.650132
  -0.0840486
    0.384138
   -0.571559
   -0.826828
   -0.429137
   -0.415377
    0.800863
    0.209876
    -0.64714
    -1.21227
    0.469367
    -3.35352
   -0.972006
    0.563939
   -0.546381
   -0.939031
    0.166869
   -0.878133
    -1.19611
   -0.596585
   -0.949818
    0.418333
    0.339393
   -0.878755
    0.166751
    0.385096
     4.15384
     2.05739
   -0.119082
   -0.806787
    0.101285
   -0.451637
    -0.78779
   -0.839719
    0.320376
   -0.301285
   -0.117704
     0.24197
   -0.703403
    -1.49034
   -0.528808
   -0.781804
     -1.6419
   -0.452231
     -5.3243
    -6.58579
   -0.399323
     3.02884
    -13.4393
    0.175821
    -1.16917
    -2.46767
   -0.694733
   -0.316881
   0.0381565
   -0.319659
    -4.56451
    -6.69713
   -0.130681
   -0.133804
    -1.23891
   -0.135189
   -0.800829
     0.48417
    0.467793
   -0.510418
    0.158887
    0.377758
   -0.717548
     -1.6702
    0.546549
    -7.03065
    -10.9229
    0.815427
    -0.54554
   -0.315254
  -0.0690184
   -0.744331
    -1.71586
    0.540112
     12.0527
     -12.364
   -0.088743
   -0.623821
    -1.37147
    0.220762
    -4.36316
     -9.8385
    0.802603
   -0.179078
   -0.552595
     0.21732
   -0.575674
    0.212454
   -0.454107
   -0.198231
   0.0653927
   -0.294022
   -0.383137
    -1.13322
    0.378578
    0.268571
  -0.0473084
   -0.194836
    -3.75525
   -0.361746
   -0.449772
   -0.475222
    -1.42767
    0.501277
    0.532669
   -0.254521
   -0.339699
    -0.81447
    -2.32352
   0.0317096
   -0.543456
    -2.06035
    0.352735
   -0.223464
   -0.723074
   -0.288573
   -0.271817
    -1.23057
   -0.449793
    -0.12901
      -0.504
   -0.251825
     5.98128
    -1.19256
    -0.11338
    -1.57941
     3.19382
    0.212611
   -0.445053
    0.300517
    0.283505
    0.940158
    -1.14955
     0.45263
    -0.22481
    0.310555
    0.300012
    0.364718
    0.080178
    0.310993
   -0.511873
    0.178878
    0.448043
   -0.406166
    -2.34797
   -0.583626
    -7.47143
    -3.96499
    0.553632
   -0.158858
   -0.923761
   0.0109147
    0.337479
   -0.781949
   0.0706681
     2.59851
    -4.29606
    0.448496
  -0.0480133
   -0.626642
    0.211705
   -0.101906
     0.11139
   -0.162594
   -0.885325
    -0.34307
    0.406196
   -0.131655
   -0.946448
     0.27553
    0.201926
    -1.24792
   -0.376891
  -0.0652357
    -0.85581
    0.293144
  -0.0913737
    0.140686
    0.256993
   -0.170971
     1.13065
   -0.312559
   -0.101435
    0.498676
    0.540715
  -0.0932285
    0.543025
   -0.744546
   0.0385986
    -1.86416
    -0.55755
   -0.192024
    -3.27168
   -0.668736
   0.0253282
      -1.507
    -0.30395
   -0.132746
     1.28446
    -0.55069
     3.76079
    -2.68657
   -0.429547
   0.0157041
    -1.15291
      0.3095
    0.061588
    -1.28001
     0.33053
   0.0799138
    -1.40408
    0.330532
   -0.797702
   -0.211433
   -0.454784
    0.154612
    0.115118
   -0.389337
    0.165611
    -1.65163
   -0.531003
     6.29211
    -9.49602
     0.31032
     6.77543
    0.856716
     0.47991
    0.100117
    0.168469
    0.294616
   0.0444942
    0.387797
    0.327587
    0.324624
    0.709971
    -0.34853
   -0.895448
    -1.72846
   -0.518409
    0.241433
    -1.48387
    0.269443
    0.195368
    -1.22202
   -0.276447
     1.93676
    -1.45156
    0.271384
      1.4678
    -5.08868
  0.00905566
    0.307886
    -1.17011
    0.333146
     4.25837
    -2.69871
   -0.301546
    0.713675
    -2.41509
    0.288618
   -0.357387
   0.0413471
   -0.233822
    0.801229
     1.39666
   -0.166747
    -1.01885
   -0.236671
   -0.511806
     0.57446
    -2.17759
    0.151861
    0.959957
   -0.832638
    0.301685
    -0.40067
    -8.83251
   -0.282717
    0.382762
     0.10139
    0.346574
    0.159405
   -0.714228
   -0.261874
    0.342197
    -1.19821
   -0.396904
     1.26371
    0.247742
   -0.194831
    0.666752
    -2.08043
   -0.620945
     0.71595
    0.404995
   -0.540592
    0.314433
    0.052621
   -0.313524
    0.151067
   0.0310763
    0.221423
    0.300009
    0.218657
    0.302322
    0.244034
    0.234951
    0.259474
    0.578923
    0.631671
   -0.269801
     1.51394
    -3.37911
   -0.875229
    0.687066
    0.561575
   -0.359733
    -4.24123
    -2.35693
   -0.311857
    0.782534
    0.286364
   -0.459281
     1.62316
    -4.51709
    0.630945
    0.727479
    0.426262
    0.348767
   -0.232896
   -0.444048
     0.10862
     1.02682
   0.0820495
    -0.64811
    -0.78558
    0.407924
   0.0264104
    0.307987
    0.937962
    0.100385
     1.10251
     -2.7182
   -0.640707
   0.0758047
     1.45386
    0.110611
    0.388657
    -1.09537
   -0.294792
     1.40338
    0.577841
    0.500447
    -1.85698
     1.19644
    0.121679
    0.646879
     -6.5869
    0.630912
    0.445834
    0.314788
  0.00723029
    0.238733
   -0.443917
-0.000120452
   -0.865016
   -0.671508
   -0.341464
    0.176411
    -1.59525
   -0.450894
    0.642108
   -0.066127
   -0.418215
   -0.372368
    0.213381
    0.245207
    0.370704
    -0.69012
   -0.301986
    0.530514
    -0.66031
    0.305737
     1.24931
   -0.323956
    0.586124
     2.03508
    -12.5431
   -0.590484
    0.857774
   0.0807129
    0.467046
    0.330693
   -0.487427
   -0.299241
    0.736539
    -1.08305
    0.272909
     1.40539
    -1.88917
    0.837589
     1.02077
    -1.49933
   -0.480115
     2.80742
    -8.14601
   -0.476439
     1.91858
    -2.48509
   -0.672534
     0.92974
    -1.64659
     0.44774
    0.543042
    -1.06622
   -0.172588
     1.51658
    0.723858
    0.173068
     1.52205
    0.276242
   -0.631122
    0.938111
   -0.965655
   -0.470046
    -1.20189
   -0.139016
   -0.445414
    0.453416
  -0.0722223
   -0.306948
     1.19551
    0.359083
    0.269237
    -1.96881
    -7.11318
    0.219549
    0.793583
    -1.13567
     0.45756
     1.69996
    -1.67003
    0.829276
    0.569925
   -0.357767
    0.348056
     1.80943
    0.593695
-0.000511364
     1.74664
    -2.13246
    0.511177
    0.994436
    -1.07976
   -0.519576
    0.755495
   -0.741412
   -0.361745
    -4.97242
    -6.73608
   -0.728285
  -0.0441528
   -0.400352
      0.1271
    -6.57949
    -5.05716
    0.201636
    -2.45133
    -7.05478
    0.662798
      2.0156
   -0.426556
   -0.737541
     1.53675
     4.49736
   -0.654647
     1.26941
   -0.533886
    0.536459
     4.44848
    -8.03542
   -0.869057
     3.85511
      2.5643
    0.328261
    0.732542
    0.457484
   -0.495674
    0.381429
  -0.0825169
    0.187859
   -0.422404
   -0.136433
    0.164697
     3.17865
    -7.20548
   -0.582938
    0.905388
   -0.934875
   -0.270049
    -1.72928
     4.41026
   -0.903824
    0.425362
   -0.235152
   -0.242286
    0.850235
-0.000535272
     0.23647
     1.24933
    -1.23094
    0.216613
     6.39699
    -5.35795
   0.0283806
    0.924528
   -0.318738
   -0.288041
     0.85547
   -0.234261
    0.332108
     1.47721
   -0.204393
  -0.0111943
     0.75732
   -0.226793
 -0.00113801
   -0.866858
   -0.419895
    0.370992
    -2.20861
    -1.10373
    0.631333
     3.72275
      3.9965
   -0.432962
    -1.16647
   -0.975488
    0.441749
    -1.01629
   -0.151267
    0.573155
    -1.56809
   -0.378265
    0.524605
    0.989493
  -0.0923637
    0.044275
   -0.563939
   -0.153768
    0.352091
      1.6768
     1.45449
    0.624202
    -5.10128
    0.840712
      0.2038
   -0.817329
   -0.801127
   -0.475453
   -0.206327
   0.0152603
   -0.124621
    -0.85993
    -1.16587
    0.582857
    -6.46741
   -0.758154
  -0.0809103
    -0.86719
    -1.48277
  -0.0575473
     9.01504
     1.79752
    0.712843
    -2.01835
     -3.2738
    0.900226
   -0.804909
  -0.0657172
    0.574955
     3.45469
    0.316693
   0.0283202
    -1.21071
    -2.13131
   -0.647753
    -1.46327
    0.495818
   -0.826174
     0.16123
   -0.032316
    0.178174
   -0.258749
    0.440647
    0.306662
     -5.6233
    -6.92851
  -0.0444759
  -0.0905985
   -0.504375
    0.106698
    -6.19579
     1.84611
   -0.387153
     4.19533
    -1.89232
  -0.0702352
   -0.334336
     0.76073
   -0.484418
   -0.235146
    -1.80091
     0.41585
   -0.203479
    -1.35374
   -0.448485
      3.6607
    -1.96117
   -0.184586
  -0.0636936
    -1.68229
    0.537738
  -0.0904258
     0.19763
    0.350327
     1.36388
    0.279827
   -0.188153
  0.00486707
    0.437981
    0.323756
    0.110681
     -2.1961
    0.451886
   -0.270888
     1.44863
  -0.0860072
     0.14684
    -1.36021
     0.34939
    0.300559
    -2.54905
    0.194603
    -1.85555
    -4.58959
    0.228722
    0.371333
    -2.85021
    0.755308
  0.00405122
    -0.64263
    0.295537
    0.204579
    0.188945
    0.349037
    0.200761
    0.176756
    0.283916
   0.0843475
   -0.265811
    0.102125
    0.157966
   -0.483621
    0.159698
    0.343775
    0.143307
   -0.299527
      0.2665
    -1.02549
   -0.323928
   -0.799697
    -2.77609
   -0.699363
    0.656952
    -1.90887
   -0.571937
     0.24769
     -0.5188
    0.197484
    0.867216
    0.572516
     0.34326
     1.58417
    0.303533
     0.72965
   0.0977848
  -0.0102951
    0.101275
    0.223734
   -0.381732
   -0.205429
    0.987063
   -0.530543
   -0.491749
     5.64023
     2.58869
    0.759901
    0.733349
   -0.472644
    0.380638
     1.22021
    -0.76147
    0.515811
    -3.12092
    -12.7279
   -0.836354
    0.625534
   -0.154977
    0.233624
    0.855511
   0.0514875
    0.232054
   -0.789978
   -0.870914
   -0.374736
     -1.6436
   -0.625019
   -0.685292
    -2.36081
    -2.23569
   -0.973175
      1.2473
    -4.44734
    0.176514
   -0.127318
     -1.4508
   -0.230886
   -0.451794
   -0.954722
   -0.305966
    0.308979
    -6.75906
   -0.146079
   -0.002238
   -0.486862
    0.138331
    -3.79389
    -3.10698
   -0.614351
   -0.665359
    -2.10008
    0.550082
   -0.302878
    0.131872
    0.302584
   -0.244333
    0.409354
   -0.358714
   -0.333679
    0.221991
    0.421561
   -0.205161
    0.300168
   -0.454925
    -0.17827
    0.391878
   -0.448422
   -0.143722
    0.221938
   -0.329969
    0.332469
    -2.05963
    0.565093
     0.22677
    0.262938
   -0.374957
    -1.82851
    -10.0059
    0.056614
    0.401759
      -1.259
   -0.364786
    0.930087
    -2.43251
    -0.60765
      3.6113
     -3.6043
    -0.53724
    0.116641
   0.0781475
    0.142658
       0.172
    0.153499
    0.204625
     0.49778
    -1.15455
     0.37597
    0.521398
    -1.10492
     0.46446
     0.81944
    -1.35464
    0.547219
    0.881325
    -1.44853
    0.512142
    0.885279
  -0.0359948
   -0.458496
     1.34586
   -0.144707
    0.583301
    0.717144
    -0.15115
    0.447765
     1.65964
    -4.66725
    -0.11859
     1.19109
    -1.87291
    -0.53233
    0.265898
    -5.61677
   0.0649155
     1.12732
     -1.5226
   -0.497193
    -2.58712
     -16.453
    0.280923
   -0.371478
    0.195631
   -0.173107
     1.84957
    -1.46543
   -0.701442
     1.00995
   -0.354119
   -0.107604
   -0.347598
    0.219115
    0.361885
    0.106619
    0.221154
   -0.174258
    0.201125
    0.324456
   -0.292515
     1.66392
    -1.49883
   -0.599539
    0.824615
   -0.767401
   -0.489689
    -1.25891
   -0.652343
    -0.23449
   -0.351654
  -0.0117419
   -0.286849
   -0.190696
   -0.764325
    0.288487
    0.729112
    -1.20525
   -0.488101
     4.36347
    -5.23751
    0.312592
   -0.544635
    -0.40288
    -0.20778
     3.87123
      1.2339
   -0.137483
     3.46381
     2.56171
   -0.161011
     0.39725
   -0.236231
    0.272319
       5.096
    0.720246
  -0.0439101
    0.862929
     3.30373
   0.0380163
    -1.85275
    -1.19846
   -0.293194
     2.83426
    -5.20694
    0.254482
    -2.49468
    -2.39017
   -0.166152
   -0.407702
   -0.287602
   -0.122962
    0.983844
    0.513375
    0.223564
     1.73235
    -5.95207
   -0.386709
    0.708067
    -1.37134
    0.429337
    0.540381
    -1.72054
   -0.340803
    -1.05142
    -1.08898
   -0.331752
    0.531922
  -0.0305149
   0.0802554
     -7.0186
    -3.05477
   0.0490168
     9.31783
   -0.871825
    0.480342
   -0.491041
    -0.11661
    0.298067
    -2.30196
    -4.78994
   -0.241537
    -1.39061
    -4.56177
    0.206947
     -2.9717
   -0.493002
    0.542655
     6.29127
    -9.34641
    0.345917
     1.03024
   -0.130741
    0.477209
   0.0815924
   -0.645032
   -0.241706
     -1.3624
   -0.829229
    0.583966
   -0.722691
   -0.692146
   0.0714563
    0.277347
  -0.0623124
   0.0783989
   -0.820567
   -0.864912
   0.0801658
    -1.02144
   -0.277141
    0.016728
   -0.379545
    -3.07444
    0.170529
    -1.08371
      1.3301
  -0.0859062
      4.2071
    -3.14721
    0.617574
     1.45327
   -0.598266
   -0.266594
    0.187378
     1.06154
    0.178669
    0.597987
     1.67948
   0.0290922
    -1.66247
      1.2495
     0.59102
     4.10978
     1.74982
    -0.80403
     3.91839
    -2.73153
  -0.0869063
    -7.17072
    -3.68519
  -0.0780794
   -0.317906
    0.145683
    0.123902
    -1.05751
    0.207222
   0.0946936
    -2.13922
   -0.466591
    0.155284
     2.07595
    -1.58615
    0.198372
     2.83906
    -1.38075
    0.112152
    -4.35492
      2.6641
    0.928878
     2.44723
    -1.51236
    0.171522
  -0.0865986
   0.0679478
    0.232495
    -2.79824
    -4.03347
    0.298054
    -1.02995
   -0.458614
    0.199043
     4.22195
   -0.714902
   -0.105587
    -2.52512
   -0.430083
    0.644423
    -0.34151
    0.705747
   -0.241202
    -6.31666
    0.225667
   -0.420812
   -0.304014
    -1.98501
      0.1688
    -3.07638
   -0.612151
    0.385766
     7.87391
    -9.70538
   -0.503832
    -2.13398
   -0.518706
     0.19941
   -0.624581
   -0.277561
   -0.235085
    -1.24765
   -0.358675
    0.201423
   -0.366704
   -0.193275
   -0.296661
    0.664471
     1.71668
    0.544058
   -0.154897
    -2.79679
   -0.650575
   -0.847455
   -0.229872
    0.172184
   -0.395711
   -0.252449
   -0.175321
     1.05362
    -1.54857
 -0.00536016
     5.27738
    -4.70319
   -0.860638
     1.58184
   -0.776794
    0.104841
     2.57333
    -1.56728
  -0.0270906
     2.58632
    -1.65067
   -0.148278
    -0.17419
   -0.332527
  -0.0210146
     2.84658
    -1.17617
      0.1814
     1.75578
      -5.456
    0.101625
    -0.29871
   -0.319479
    0.243618
    -1.73934
   -0.849977
  -0.0889151
    0.397893
   0.0500732
   0.0929879
   0.0998289
    -0.99671
   -0.267182
    0.778409
    -0.29683
   -0.012619
   -0.483566
    -3.99083
  0.00193541
    -1.70776
   -0.670897
    0.177114
    -5.01241
    -9.44185
    0.163583
   -0.589123
    -3.17063
    0.240914
    -5.27398
    -12.2672
   -0.131465
   -0.696412
   0.0730591
    0.155395
    -1.06941
   -0.232269
   -0.183704
  -0.0738248
   -0.884404
     0.27769
     2.25116
     1.45098
    0.632831
     0.35422
    -1.06666
  -0.0273313
  -0.0477149
   0.0731011
    0.332988
    0.337268
   -0.314609
    -0.25316
     1.35863
   -0.706166
   0.0157013
   -0.670615
    -2.15349
    0.563911
  -0.0285759
    0.152162
   -0.301523
    -1.38034
      -2.057
   -0.672179
     2.15481
    -5.30322
   -0.266942
   -0.129769
    -3.23557
    0.216225
    0.312138
    0.029915
    0.288595
   0.0502668
    -1.23725
  -0.0573309
     1.24654
    -8.65283
   -0.256813
     -5.4397
    -5.80313
  -0.0542158
     4.76006
    -3.53858
   -0.541543
    0.256541
   -0.172154
    0.183396
    -2.94542
    -1.40091
    0.413253
   -0.301616
   -0.527705
   -0.183797
   -0.351927
    -1.44866
   -0.440893
    -2.01103
     -1.1099
  -0.0465662
    -1.53231
    0.242104
    0.169034
     4.16745
    -8.71652
    0.235394
   -0.103574
    -3.47215
    0.437944
     1.58772
    0.578989
  -0.0745744
   -0.277482
   -0.172539
    0.220752
    0.574905
    -1.03012
    0.211907
    -2.27386
    -6.64904
   -0.131092
   0.0829921
   0.0376726
  -0.0775438
   -0.598615
    -0.55211
  -0.0725659
    -7.57843
    -1.18639
    0.467839
    -2.50317
    -1.54548
   -0.228788
    -5.53328
    -1.35094
   -0.226369
     5.04205
    -0.73145
    0.275087
 -0.00969203
    0.515247
    0.388244
   -0.183585
    -0.69347
    0.237297
    -0.41361
   -0.740581
   -0.210477
     4.74587
     1.23579
   -0.653516
    -1.22717
   -0.992119
  -0.0868208
    -2.17436
    -2.62157
    0.296644
    -2.66307
    -2.32364
  -0.0383046
   -0.756747
   0.0147339
  -0.0124755
     7.31106
   -0.476141
   -0.454285
   0.0344622
   -0.383546
    0.190468
    -1.82526
   -0.308803
   -0.293516
    -3.11383
    0.547246
   -0.566218
    -4.95036
     2.13557
   0.0861481
   -0.294036
   -0.344243
    0.208731
    -6.37006
     1.21098
  -0.0521357
   -0.509013
    0.139422
   -0.280601
   -0.737378
    -0.94261
   -0.380203
   -0.479058
    0.771444
    -0.26501
     2.05065
   -0.425657
    0.302139
   -0.682997
     1.07842
    0.083857
   -0.313687
    -3.38335
     0.26802
   -0.267695
   -0.327684
   -0.199949
    -3.21396
    -5.63286
    0.252622
   -0.198265
   0.0381421
   -0.130901
    -6.48645
     2.26862
   0.0450088
   -0.318778
    0.517319
    0.186872
   0.0659396
     1.23581
    0.433806
   -0.155206
    0.645993
    0.269893
     2.20139
    -9.47946
   -0.152828
     -2.8932
    -1.33007
   -0.222624
     1.83034
    -4.44991
  -0.0550222
     1.05937
   -0.569463
    -0.38491
    0.335578
    -1.11053
   0.0428556
   -0.643027
    -1.24845
   -0.304514
     2.68161
    -1.71582
    0.424084
   -0.320468
      -1.449
  -0.0517307
    0.845417
    -10.4273
   -0.752605
    0.623538
   -0.286897
   -0.250401
    -0.94548
   -0.552349
    0.404196
   -0.795869
    -1.00226
    0.185021
     2.25038
    -1.87763
   -0.054426
    0.265474
    -0.76073
   -0.295672
    -1.80975
   -0.544586
  -0.0687704
    0.786794
    0.481159
   -0.393913
    0.624438
    -2.26287
   -0.243272
     2.29361
    -2.33439
    0.397049
     4.54666
    0.155769
   -0.874297
     1.39981
     1.23332
    0.443208
     3.70642
   -0.752004
   -0.466733
   -0.173477
   0.0168542
   0.0933317
    -0.22868
   0.0195973
    0.268522
    0.855748
    -0.91859
   -0.108604
     2.13285
    -2.23332
   -0.384249
   -0.253367
     -4.0765
   -0.147564
    0.666933
    0.932333
   -0.348652
   -0.130445
    0.793751
    0.264809
     -4.1393
    -8.25596
    0.896612
     6.24529
    -1.72829
   -0.183953
     2.94464
     -12.175
    0.959511
    0.959506
    -5.12442
   0.0514941
     -2.0302
    -1.20774
   -0.166783
    0.246228
  -0.0768176
  -0.0843877
    -3.58648
   -0.567731
   -0.243381
    0.339376
    -1.02169
    0.275436
    -1.29944
    0.273416
  -0.0730466
     0.42932
    0.391483
    -0.16685
   0.0693178
     -12.856
   -0.977532
     1.68661
   0.0792256
    0.533002
   -0.365696
   -0.736825
   -0.137598
   -0.355535
    -2.96816
   -0.628859
    -0.33626
    0.293321
    -0.14971
     2.48271
   -0.766654
   0.0321809
   -0.257258
    -1.13092
   -0.162927
    0.268714
   0.0425957
   -0.200726
   -0.170576
    -1.97552
    -0.32222
  -0.0784487
   -0.870015
    0.318101
   -0.632131
    -0.57081
  -0.0340181
    0.932413
    -2.10639
 -0.00822796
    -1.96184
    -3.67484
   0.0364991
     3.76503
     -1.0194
   -0.318858
     3.78643
    0.787869
   -0.177644
    -1.46223
    -1.06245
   -0.167969
    -4.46301
    -4.84839
  -0.0354785
     1.35174
    -7.02446
   -0.554691
  -0.0728113
    0.010748
    0.191335
   -0.707964
    -0.12757
   -0.408406
   -0.979578
    -1.70254
   -0.652547
    -2.36259
    -1.44809
     -0.4326
   -0.172582
   -0.349374
    0.204942
     4.79103
    -2.36733
  -0.0903528
   -0.862588
     -2.5559
    0.695889
    -1.32909
    -4.27903
   -0.139612
   -0.888219
    -3.19439
   -0.702433
  -0.0552031
    0.695475
   -0.314921
     0.64424
    0.895283
   0.0678465
    0.384365
   -0.157495
    -0.25526
     0.30855
    -4.60481
    0.200443
    0.146736
     1.63707
   -0.448089
      -2.125
    -1.68334
    0.390327
    -2.81825
    -1.89648
 -0.00641899
     0.21541
   -0.671403
   -0.123221
   -0.938717
   -0.927129
   -0.202924
    0.760219
    0.514889
    0.245342
    0.121193
    -1.22746
   -0.321719
     1.50047
    -1.29078
   -0.146874
    0.532908
  -0.0876793
  -0.0662024
    0.136504
    0.692111
   -0.117157
     -0.4122
   -0.145461
    0.319315
    -0.94618
    -1.09447
    0.429226
    -1.10866
    -1.12174
   -0.317636
  -0.0364107
  -0.0114681
   -0.217901
    0.755061
    -3.11289
    0.854021
    -1.84186
  -0.0585332
   -0.275012
   -0.421367
   -0.680741
    0.281966
   -0.426052
   0.0610138
    0.218426
    0.110336
    0.144968
    0.381094
   -0.259409
    -2.01951
   -0.429641
   -0.891858
    -3.72274
    0.173413
   -0.544425
    -7.94471
    0.705791
     1.64572
   -0.703616
  -0.0346676
      1.0168
   -0.314431
    0.198164
   0.0879847
    0.519565
   -0.173532
   -0.450028
    0.712256
     -0.2222
     2.88776
    -1.11056
   -0.287219
     4.62373
    -5.76284
   -0.553772
    -1.89005
    -1.22777
  -0.0925467
   0.0827966
    -3.01966
    0.161936
   -0.481974
    -0.11354
    0.100498
     1.65397
   -0.784982
   -0.110171
  -0.0670923
   0.0466506
    -0.15095
    -1.58584
   -0.985265
   0.0874579
     2.96728
    -10.1766
   0.0449873
    -1.54932
    -0.62998
   -0.114241
   0.0474774
    -4.74856
   0.0416193
    -3.86516
    -1.59541
   0.0826262
   -0.460802
    -5.24987
    0.177657
   -0.936793
   -0.252708
   0.0484346
  0.00710135
    0.151201
    0.346175
    -1.23237
    0.842537
   -0.413572
    -1.12195
    0.369865
   -0.268497
    -1.14499
    -6.44165
   -0.405606
     1.07421
   0.0927504
    0.316595
   -0.398991
   0.0342296
    0.285445
    -3.97709
    -1.11705
  -0.0045749
    0.283902
    -0.35228
    0.293266
     -1.2982
   -0.890771
   -0.471655
    -1.27027
   -0.568223
   -0.178713
   -0.196278
   -0.137655
   -0.184841
    -4.56634
     1.49131
     0.60291
    -3.59912
   -0.220241
    0.428316
    0.415634
     -2.3872
   -0.372943
    -2.65288
     1.31908
   -0.589315
    -0.72485
    -1.12176
 -0.00108507
   -0.210251
  -0.0160478
    -0.14855
    -1.04755
     -5.0043
  -0.0224713
    0.341214
   -0.111002
   0.0130497
     1.13879
    -3.84137
   -0.445128
    0.290791
    -0.15657
    0.143195
    -1.75828
  -0.0341202
   -0.317877
    0.463738
    -2.84269
   -0.298584
    -1.43353
     1.16822
    0.423807
    0.599742
    -1.05178
    0.126533
     2.55049
     2.12223
   -0.438832
    -1.18075
   -0.116516
  -0.0647941
    -1.58168
   -0.888793
   -0.264286
     -2.9696
    -2.18763
   -0.114552
    0.497031
    -5.22581
   0.0171437
    0.356679
    -1.07167
    0.391961
    -0.78837
   -0.545364
   -0.164421
   -0.607788
   -0.234159
    0.132339
  -0.0662716
   -0.776656
    0.197177
     1.47106
    0.646368
     0.32157
    -3.12415
     -1.9395
  -0.0381464
   -0.141763
   -0.337335
  -0.0316359
     1.41427
     1.73163
    0.697846
   -0.312353
    -1.40233
 -0.00603792
   -0.410182
   -0.639414
    0.205708
     3.51883
    -6.91708
   -0.428371
  -0.0507242
   -0.806263
    0.176397
     1.49951
    0.745396
  -0.0504771
     1.22048
   -0.547298
   -0.318044
      -1.687
     1.51275
    0.274072
    -1.17145
   -0.902896
  -0.0795353
    0.246696
   -0.119879
   -0.122914
  -0.0513324
     0.18689
    0.142414
    -2.29535
     2.19724
   -0.128661
   -0.288332
   -0.104609
   -0.123721
     1.73968
     2.61886
   -0.493104
     1.66723
   0.0731752
    0.761114
     1.04969
    0.101748
   -0.345197
     1.34633
   -0.496411
  -0.0222073
   -0.561933
   -0.220925
    0.163007
    -0.13474
    -0.75659
   -0.221255
    0.464886
     1.75525
   -0.432857
     1.30767
    -1.29357
    0.672131
    0.387421
   -0.172239
    -0.12728
      4.6376
    -2.75694
   -0.677717
      5.4391
     -2.9363
    0.854643
    0.908039
    -1.62744
  -0.0221549
   -0.213208
   -0.096171
    0.210064
    0.191628
     0.26243
   -0.415789
    0.234106
   -0.246283
   -0.185254
     1.74694
   -0.911474
    0.548928
  0.00639833
     0.28068
    0.171334
   -0.547708
     3.13182
    0.148155
   -0.955022
    -0.76667
   0.0814057
   -0.307673
    -3.45623
    0.193892
     1.27622
     1.94992
    0.482857
   -0.253803
    -3.12798
    0.317668
   -0.702145
  -0.0157789
   -0.144775
    0.230988
   -0.514109
    0.346252
    -1.05703
    -1.43361
   -0.326922
   0.0321517
   -0.757667
   -0.182746
     2.07632
   -0.850818
    0.330457
  -0.0894118
   -0.744511
   -0.196049
    0.314248
    0.533558
   -0.574059
   -0.584051
     0.50176
   -0.212005
     -2.6948
    -1.42175
   -0.382661
     1.81816
    0.668001
   -0.271457
  -0.0222756
    0.186743
   -0.276312
    0.320123
   -0.252016
   -0.240117
    0.106005
  -0.0677596
    0.100082
   -0.769537
   -0.380822
  -0.0996212
    0.962867
    0.259734
   -0.127668
   -0.682095
     1.06464
   -0.412001
    0.207667
      -4.856
    0.321448
  -0.0231119
    -1.66758
    0.178797
   0.0950185
    -2.73638
   -0.318724
    0.186527
    0.129578
    0.153504
    -0.16121
    0.280733
   -0.191498
    0.454732
     1.12709
   0.0484474
    -3.31103
     0.83814
    0.433377
   -0.502653
    0.491115
    0.242656
   -0.331308
   -0.188903
     -0.1318
   -0.749565
    -1.00801
   -0.391721
    0.350216
   -0.767198
   0.0232163
   -0.625814
    -0.21111
   -0.245014
    0.655159
   -0.574724
    0.237455
     1.38597
    -8.31596
    0.340566
    0.618907
   -0.333985
    0.303578
    -1.93395
   -0.629701
   -0.363809
 -0.00527318
    0.775297
   -0.329993
   -0.116432
  -0.0642247
     0.12788
   -0.133443
  -0.0469414
    0.126995
      3.0368
    -2.12142
  0.00211514
     2.41229
  -0.0575189
   -0.355131
      5.1769
    -7.47127
    0.241796
    0.382771
   -0.197933
    0.258497
  -0.0805197
    0.171283
    0.225892
    -6.20962
    -1.50819
   -0.881772
   -0.223054
    -1.90221
    0.220807
   -0.155189
    0.908967
    0.314083
    0.696887
    0.213308
   -0.273371
    0.412015
   -0.196504
   -0.245457
   -0.278051
   -0.330186
   -0.218157
   -0.175109
    0.134387
   -0.258969
    -2.59745
    -1.97151
  0.00566401
   -0.768244
   -0.583199
   -0.125109
   -0.253504
    0.115404
    0.240843
    0.556737
     0.27779
   -0.398007
     -1.6117
     1.80645
   -0.682636
   -0.732147
     1.12687
    0.486422
  0.00774575
     -0.2948
  -0.0341037
    0.496247
    -3.81801
    0.152676
  -0.0747241
   -0.787338
    0.128114
   0.0124501
     0.35356
   -0.371933
  -0.0765389
   -0.507154
    0.164648
    -1.03696
   -0.758864
    0.495324
   -0.869495
   0.0865941
    0.208894
     1.25768
   -0.606078
   -0.219984
  -0.0528736
   -0.268733
    0.141679
     1.18074
    0.432404
   -0.260613
    0.460976
    0.442935
    -0.13878
    0.778003
     0.36519
   -0.161091
     0.48975
    -3.86503
    0.160937
   -0.962869
    -2.22291
     0.24154
    -4.23127
     0.18813
    0.174349
      3.7798
    -1.44546
   -0.175686
    -1.23983
    -2.45303
    0.244208
    -2.38104
    -3.29325
   -0.352432
    -1.58051
   -0.109437
    0.295381
    0.308387
   -0.508933
   -0.212748
   -0.373575
   -0.345836
    0.196912
   -0.098406
    -1.07104
   -0.153963
  -0.0465952
   -0.843725
   0.0859206
    0.808634
   -0.308316
    -0.16668
   -0.789046
   -0.422645
   -0.214152
  -0.0124937
    -6.14018
    0.120341
    0.757576
    0.223099
    0.328446
   0.0225486
   -0.261519
   -0.110843
   -0.723278
    0.568197
   -0.189857
    0.644578
    -0.20954
    0.293095
   -0.160346
    0.183449
   0.0935636
     -2.7592
    -1.78849
   0.0705799
    0.227997
   0.0609095
    0.183621
    -1.99616
   -0.937739
   0.0833826
   -0.659256
    -2.72573
    0.201327
     0.30626
    -4.92756
    0.235039
     1.00004
    0.632643
 -0.00327074
    -1.92358
    -2.27329
    0.394423
   -0.384578
  -0.0221877
   -0.140384
    0.519786
    -1.21265
    0.165354
    0.338776
    0.306925
   -0.110095
   0.0553466
  -0.0206751
   -0.133668
     0.59619
      -1.105
  -0.0310836
    0.211945
    0.404917
   -0.214343
    -1.67936
    -1.48015
    0.433058
     2.43733
    0.811595
   -0.138895
    0.642167
    -1.24231
  0.00411191
   -0.633828
    0.216512
    -0.23957
    0.306203
   -0.555887
   0.0291678
      4.4127
    -4.53132
    0.493663
  -0.0440053
    -1.24609
    0.137177
   -0.480308
   0.0160087
    0.210989
   -0.228839
    0.350015
    0.184901
  -0.0537201
   0.0713232
    0.106944
     1.73937
    -3.24067
    0.446133
   -0.157426
  -0.0668225
   -0.116021
   -0.896771
     0.11206
    -0.12605
     1.35743
   -0.690448
   -0.199919
    0.116691
  -0.0611765
    -0.11078
     0.50369
   -0.251627
    0.099811
      2.5116
    -2.84402
    0.490958
   -0.329381
   -0.163574
   -0.233809
  -0.0499308
    0.228855
    0.234008
    -1.24709
    -0.35609
   -0.140833
     1.03271
    -1.94648
    0.117158
   -0.423201
    -0.15677
   -0.120449
    0.786208
    -3.49407
   -0.168291
   -0.257776
   -0.445835
    0.266759
    -2.19765
    0.619424
    -0.24223
    -1.32065
    -1.67938
    0.582314
     0.14564
  -0.0616815
   -0.106957
    -3.96629
    0.135959
    -0.15174
     1.25632
     1.56439
   -0.109013
   -0.658973
   -0.416765
   -0.362638
    -1.25925
    0.544663
    0.304697
     1.55021
     -3.2663
   0.0778766
    0.385093
   -0.745455
  -0.0115703
    -2.09697
    0.970518
    0.299747
   -0.220751
   -0.109559
   -0.155463
    0.534059
    0.223888
    0.135319
   -0.794655
    0.149075
    0.100381
   -0.025499
   -0.254027
   -0.146735
    -1.64867
    -6.37277
    -0.69373
    -1.97461
   -0.482503
   -0.102661
    0.224511
    -1.11967
    0.388011
     0.21091
    0.116168
    0.219695
    -1.32701
   0.0148022
    0.237641
  -0.0951173
    0.122113
   -0.161435
   -0.576852
    -2.99692
    0.194531
    -1.66242
     1.19335
   -0.432475
    -1.04955
   -0.138251
    0.200858
      1.1747
    0.472911
   -0.317217
  -0.0206275
   -0.222889
   -0.140193
   -0.410818
    -3.20352
    0.226042
     0.15878
    0.439673
   -0.165515
    0.173681
    0.421224
   -0.191462
   -0.699073
   -0.145459
     0.13505
    -0.16228
    -1.03089
    0.319498
     3.20668
    -1.35814
    0.435281
   -0.342349
  -0.0390447
   -0.289682
    0.287382
   -0.200895
   -0.198353
   0.0647128
    0.611296
   -0.219961
     -4.7111
    -3.33474
  -0.0452489
    0.228927
    0.150443
    0.171151
     1.98111
     1.76595
   0.0563604
   -0.515592
 -0.00100789
    -0.21687
   -0.737131
  -0.0328733
   -0.126356
   -0.135186
  -0.0122064
    0.146168
   -0.548736
   0.0987491
   -0.203279
   0.0562404
 -0.00554037
  -0.0962934
     1.04952
    -1.69082
    0.197447
    0.733528
    -1.12759
    0.127005
   -0.424829
    0.036936
   -0.190432
    -2.26047
    0.490163
    0.502954
    -0.10639
    -1.35079
    0.157745
    0.112225
  -0.0293796
   0.0881222
   -0.293048
    0.276463
    0.126699
   -0.401586
    -2.01609
   0.0919324
    -1.70065
    -2.30322
    0.227741
    0.544171
    0.387578
    0.198319
  -0.0849105
   0.0216756
  -0.0686299
     1.12321
    -1.02648
    0.442452
 -0.00395765
  -0.0715413
   0.0456424
   -0.928339
   -0.569427
    0.250087
    -3.87947
    -1.28857
   -0.188025
    -2.96942
      4.4072
   -0.531044
    0.623859
   -0.230361
   -0.241029
     1.66963
      1.0261
   -0.258996
   -0.889733
     2.55183
   -0.986977
    0.922867
   -0.299415
   0.0388172
     1.10613
    -0.43129
   -0.183386
   -0.463504
   -0.597234
   -0.149948
    0.775943
    -1.60561
   -0.273449
    0.471533
  0.00553282
    0.342073
    -1.05908
   -0.233371
     -0.2163
    -1.90717
    -6.86006
   -0.435425
  -0.0815875
   -0.715266
   0.0906029
    -2.67291
    -4.19604
   -0.534359
  -0.0633655
   0.0766452
    0.132061
  -0.0359863
   -0.319685
    0.126615
    0.108603
   0.0302797
   -0.152309
   -0.158083
   -0.982746
    0.104302
    0.762262
   -0.556544
    0.300512
     1.10088
    -3.16728
   -0.111622
  -0.0897706
   -0.506826
    0.134818
   -0.420633
   0.0496595
    0.120437
   0.0858507
    -1.91868
   -0.139271
    0.395504
    0.151268
    0.124543
   -0.142494
   0.0652543
    -0.23997
   -0.844088
    0.752651
    0.310886
   -0.356877
   0.0236648
   -0.205039
     1.91219
    -5.08901
   -0.564611
    -2.35763
    -2.34065
    -0.28137
    0.327372
     -0.9752
    0.259993
     -3.2276
    -1.97242
    0.507444
     3.05754
    -4.11551
   -0.538288
     0.12501
   -0.961055
  -0.0931639
    0.549507
   -0.117064
    0.105296
     -2.1154
   -0.975406
   -0.384425
    0.494144
    0.326853
    0.186252
     0.81625
    0.481953
    0.247933
    -3.26686
    0.246578
  -0.0197558
    -0.14694
    0.186379
   0.0988667
    0.965999
   -0.402413
   -0.199651
   -0.091728
   -0.665469
   0.0773703
     1.18471
    0.613309
   -0.685233
   -0.305857
  -0.0212104
  -0.0662922
   -0.252411
   -0.553523
   0.0364352
   -0.111201
  0.00110875
    -0.10857
   -0.502727
     1.09315
    0.373315
     0.55406
    -5.27979
  -0.0647567
    0.790656
    -1.32234
   0.0264762
  -0.0648352
   0.0660722
   -0.111994
      1.0706
    -1.60176
   -0.250175
   -0.391086
   0.0396692
   -0.152053
 -0.00647678
  -0.0569521
   0.0449363
   0.0615035
   0.0186977
   0.0800488
   -0.458259
   0.0501992
   -0.097038
     1.20714
    0.902229
  -0.0876287
   -0.092779
   0.0135424
  -0.0632446
    -1.00665
   -0.262159
      -0.224
   -0.031655
   0.0778778
   0.0719716
    0.243293
    -2.53263
    0.379059
    -1.37206
    0.281113
    0.315232
     -2.2245
    0.520462
   -0.479835
    -3.98189
    0.760177
    0.415994
    0.917163
  -0.0691526
   -0.406754
  -0.0128037
   0.0405573
    0.035906
    -1.22577
     -4.7603
    0.502384
    0.108794
    0.199865
   -0.130883
   0.0487571
    0.153773
    0.144286
    0.161337
   -0.742403
    0.294825
    0.184938
 -0.00571053
    0.152194
     1.21194
    -2.49831
    0.193526
     1.27263
    0.376995
    0.307956
     0.27289
   -0.470027
   -0.252174
    0.116099
   -0.533317
    0.215204
     0.93817
   -0.213797
   0.0988041
    -1.72124
    -1.45183
    0.222963
    -2.83696
    -3.58325
    0.460644
    -1.87349
    -1.19295
   -0.215467
     -0.3688
    -3.03853
   -0.337057
   -0.208061
    0.173711
    0.143779
   -0.395425
  -0.0227407
   -0.266831
    -1.37238
      -4.181
   -0.448286
    0.221542
    0.265228
    0.306937
      0.4461
    0.112012
   -0.316031
     0.39097
  0.00800354
   -0.314887
    0.197453
   -0.508681
    0.211797
    -1.81168
  -0.0502331
    0.384956
    -6.80597
    -5.88753
   0.0199477
    0.806584
    0.423576
    0.259696
    0.602421
    0.743127
    -0.36063
    0.232504
  -0.0240596
    0.111194
    0.322977
  -0.0775926
   -0.159536
    -0.43977
    0.102231
   -0.293624
  -0.0984734
    -3.63439
    0.142076
    0.684734
     0.77251
   -0.232566
    -1.34141
    -1.26631
    0.259962
    -3.60453
    0.631339
   -0.252966
    0.226219
  -0.0938843
   -0.178943
    -1.58082
      -1.178
    0.183202
   -0.293358
    -0.63568
    0.337705
      1.3615
    -1.87233
   -0.231603
   -0.313505
   0.0388342
    0.181731
     2.83268
    -3.65048
    0.504002
   -0.329009
     0.27833
    0.190967
  -0.0872685
     0.34686
   -0.221727
    0.130957
    0.163973
    0.258389
     1.38407
    -2.88668
    0.272196
   -0.399639
   -0.156577
   -0.204554
     2.51346
   -0.791236
   -0.378611
     2.34191
    -3.36803
    0.458115
    -1.15184
    0.483646
    0.324631
  -0.0555686
    0.117509
    0.158131
   -0.540611
    -2.84242
    0.326289
    0.921604
    -1.47243
    0.291255
    0.237955
   -0.125021
    0.158815
     1.93719
   -0.588991
    0.360165
     1.19663
    -3.14443
    0.276008
     1.37714
   -0.767288
    0.227815
   -0.713335
     1.09169
    0.294189
   0.0841351
   0.0190629
    -0.20459
    0.206058
    0.536671
    -0.28072
     0.22259
   0.0216198
   -0.157195
    -2.10473
   -0.571914
   -0.337586
    -5.54542
     2.88501
    -1.17289
   -0.406975
    -2.14346
    0.233396
    0.358864
   -0.542152
   -0.228538
    -0.25063
    0.116345
    0.225414
    -3.26745
    0.148901
   -0.425935
    0.124995
    0.433521
   -0.100471
  -0.0772732
   -0.725705
  -0.0472509
   -0.916515
    -4.35347
   -0.357855
   -0.210142
   -0.145852
     0.05082
     0.13258
    0.439757
     0.33531
  0.00483196
   -0.218732
    0.102908
    0.212676
    -1.52341
  -0.0221521
    -1.39556
    -4.55805
    0.448462
   -0.499063
    0.114341
    0.115019
    -0.25226
   0.0200897
    0.214331
    0.782161
    -5.45894
   -0.534075
    0.866971
    -1.26984
   -0.207096
      1.0012
    -2.70925
    0.334094
   -0.207182
   -0.667916
   -0.231959
    0.748783
    -1.27673
  -0.0765682
   -0.855548
    -4.69931
   -0.494748
    0.182802
  -0.0794517
   -0.202792
     2.79017
   -0.355594
    0.467332
    0.565915
  -0.0628833
    0.112861
     2.93434
   -0.923208
   -0.542162
    0.320453
    0.215421
    0.304275
     1.01721
    0.603983
  -0.0741335
     2.62153
  -0.0792009
    0.514922
   -0.518256
   -0.364726
   -0.324544
   -0.141515
   -0.411166
    -0.18441
    0.133105
  -0.0260802
     0.12027
     1.69838
    0.349176
   -0.387018
   -0.808621
     1.16957
   -0.509854
    0.207107
  -0.0205922
   0.0723205
    0.653604
     1.34837
   -0.492958
     1.12172
      1.2223
   -0.453998
     1.82301
    -1.29036
    0.321544
     0.15552
   -0.630243
  -0.0575322
    -1.11557
    -1.58104
    0.107291
    -1.18119
    0.266904
   -0.285759
   -0.287136
   0.0418259
    0.179039
   -0.145156
   -0.311868
    0.146991
   0.0541655
    0.137508
   -0.160398
     3.46229
     -1.5468
   -0.529842
   -0.243943
 -0.00507672
    0.168712
   0.0355294
    -2.71189
    0.306281
     0.22075
    0.311589
   -0.105738
   -0.301187
   0.0985308
    0.282722
    0.149472
    0.476889
   -0.280984
   -0.359881
   -0.290576
    0.193568
     1.43797
    0.189797
    -0.30787
      1.1367
    -2.95305
   0.0526013
    -7.64349
    -8.32776
     1.02975
    -1.02663
    0.293601
   -0.216536
     -1.4349
    -1.92306
   -0.137938
    0.394437
   -0.733808
    0.273436
     0.78542
    0.371887
    0.209083
   -0.214686
   0.0467929
    0.204174
    0.811656
     1.44173
   -0.266292
    0.311335
     0.38817
   -0.104015
    -1.74639
   -0.230549
   -0.327726
   -0.318501
    -0.35521
    0.132037
    -1.52181
    -1.23331
     0.28247
    0.607055
   -0.172048
   -0.298742
   -0.357753
    0.201321
    0.187224
    0.356116
   -0.977551
    0.334807
     2.04509
    -4.76304
    0.556515
    0.497694
  -0.0477307
   -0.267656
    0.427705
   -0.315139
    0.267309
  -0.0564523
   -0.599162
   -0.186948
   -0.020039
    0.211921
    0.190117
    0.227288
   0.0211718
    0.227089
    0.127844
  -0.0388883
   -0.128475
    0.127201
   -0.136864
    0.164666
   -0.555303
    -3.50627
   0.0438283
    0.621695
   -0.210762
    0.206406
    0.283417
    -4.35358
    -1.03342
     1.70838
     1.03458
    -0.35235
   -0.164706
   0.0395912
    0.139372
   -0.223867
    0.616208
     0.26154
  -0.0566408
   -0.354519
    0.140028
    -1.79099
    -1.19108
    0.150931
    -1.27962
    -1.11474
    0.116902
     2.00308
     1.51866
   -0.583296
   0.0564119
    -1.69546
    0.149605
    -1.99664
    -2.72317
    0.838977
   0.0446316
    0.105081
    0.142033
    0.302366
   -0.450126
   -0.286877
   -0.212886
    0.165236
    0.176185
   -0.208149
  -0.0973548
   -0.172225
   -0.139882
    0.313823
    0.211838
  -0.0709199
    0.379484
    0.211078
    0.145135
     0.34222
   -0.124022
   0.0935468
    0.155471
   -0.133646
   0.0443777
    0.137337
   -0.124371
   -0.256109
   -0.341799
   0.0959032
    0.161598
    0.222479
   -0.279425
    0.522227
    -2.07391
    0.485442
    0.112861
   0.0776519
    0.142687
   -0.187126
    0.049764
   -0.118351
   -0.478998
    0.500034
    0.144441
  -0.0540921
   0.0578935
    0.158532
    0.468196
   -0.092561
   -0.263998
   -0.192232
   -0.655138
   -0.243575
 -0.00659332
   -0.182157
  0.00668227
    0.123256
   -0.384055
   -0.159085
   -0.525487
   -0.129711
    -0.29528
      7.4186
   -0.231748
   -0.118259
    0.441382
    0.903877
    0.307294
    0.163714
   -0.355888
   0.0401953
      0.2632
    0.283233
  -0.0469599
    0.162304
  -0.0539191
    0.144292
     0.39252
  -0.0627943
     0.17348
   -0.225177
    -1.19715
    0.389887
 -0.00841374
   -0.264617
    0.165803
    0.546368
    -1.14924
    0.155207
  -0.0671193
   -0.605651
   -0.134738
    0.513908
    0.193384
    0.152309
   0.0858075
   -0.356357
   -0.187421
    0.198305
   -0.264464
   0.0298147
     0.12376
    0.572498
    -0.24464
   -0.423872
  -0.0859145
  -0.0641204
    0.211836
    0.381463
    0.174607
    0.199082
   0.0713578
     0.17683
   -0.279101
    0.358207
    0.247476
    0.611739
    -1.21794
    0.165548
   -0.636417
    0.162584
   -0.205108
     0.08403
   0.0271806
    0.127246
   -0.120854
  -0.0829888
   -0.127321
   -0.102494
    0.062981
   0.0822581
    0.373974
    0.344982
 -0.00156451
   -0.628288
   -0.599159
   0.0140067
  -0.0508185
  0.00961919
  -0.0899785
   -0.305097
   -0.171543
   0.0703567
  -0.0798393
    0.040144
   0.0787838
    -0.20037
    0.118798
   -0.170113
   0.0487987
  -0.0137454
   0.0734614
   0.0735713
    0.026806
    0.100838
    0.513677
    -1.14262
  -0.0608246
   -0.449398
   -0.058628
  -0.0651393
    0.278385
  -0.0413139
    0.165955
   -0.786207
   -0.510085
    0.117951
   -0.103048
    0.243284
    0.271135
     1.10221
    -1.58136
   -0.157599
     -1.2563
    -3.23479
   -0.152896
   -0.101626
    -2.59693
    0.150603